Frame 	X_1 	Y_1 	nX_1 	nY_1 	Disp 	Ori_Disp 	Radius_1 
1.000000	98.598571	91.951804	0.000000	0.000000	0.000000	0.000000	20.030492	
2.000000	98.389843	91.537679	-0.208728	-0.414125	0.463754	0.463754	20.046528	
3.000000	98.845211	91.165089	0.246639	-0.786715	0.588373	0.824471	20.117890	
4.000000	98.391338	90.899730	-0.207233	-1.052074	0.525753	1.072290	20.104236	
5.000000	98.254031	91.071651	-0.344540	-0.880153	0.220023	0.945186	20.088369	
6.000000	98.423567	90.872958	-0.175004	-1.078846	0.261192	1.092948	20.110107	
7.000000	98.573593	90.956117	-0.024978	-0.995687	0.171533	0.996000	20.077449	
8.000000	98.015077	90.222439	-0.583494	-1.729365	0.922076	1.825149	20.053512	
9.000000	98.352599	89.805353	-0.245972	-2.146450	0.536546	2.160498	20.084033	
10.000000	97.657775	89.619602	-0.940796	-2.332202	0.719224	2.514809	20.047562	
11.000000	97.369954	88.445009	-1.228617	-3.506794	1.209342	3.715792	20.059583	
12.000000	97.096858	87.943207	-1.501713	-4.008597	0.571303	4.280653	20.035291	
13.000000	96.355289	88.133160	-2.243282	-3.818643	0.765511	4.428810	20.042275	
14.000000	95.389491	88.178901	-3.209080	-3.772903	0.966881	4.953079	20.078146	
15.000000	95.793429	87.720303	-2.805142	-4.231501	0.611128	5.076852	20.111383	
16.000000	95.522683	87.930429	-3.075888	-4.021375	0.342719	5.062860	20.048329	
17.000000	95.380043	88.572864	-3.218528	-3.378940	0.658079	4.666493	20.032870	
18.000000	94.750894	89.308737	-3.847677	-2.643067	0.968162	4.668021	20.035036	
19.000000	94.797452	89.781978	-3.801119	-2.169825	0.475526	4.376831	20.047568	
20.000000	95.290372	90.504865	-3.308199	-1.446939	0.874949	3.610791	20.029700	
21.000000	95.803261	90.333944	-2.795310	-1.617859	0.540619	3.229741	20.080235	
22.000000	95.702000	90.280697	-2.896572	-1.671107	0.114408	3.344058	20.041118	
23.000000	95.737002	89.957086	-2.861569	-1.994718	0.325498	3.488191	20.077235	
24.000000	95.902663	89.733820	-2.695908	-2.217984	0.278013	3.491042	20.190127	
25.000000	95.928558	90.094346	-2.670013	-1.857458	0.361455	3.252556	20.287339	
26.000000	95.657373	90.309048	-2.941198	-1.642756	0.345887	3.368871	20.237104	
27.000000	95.701688	90.537587	-2.896884	-1.414217	0.232796	3.223654	20.238646	
28.000000	95.427420	90.735355	-3.171151	-1.216449	0.338134	3.396461	20.183092	
29.000000	95.317980	90.855305	-3.280591	-1.096499	0.162374	3.458987	20.114185	
30.000000	94.869918	91.499264	-3.728653	-0.452540	0.784501	3.756014	20.070026	
31.000000	94.849894	91.266257	-3.748677	-0.685547	0.233865	3.810847	20.106820	
32.000000	94.983720	90.644701	-3.614851	-1.307103	0.635800	3.843913	20.088784	
33.000000	94.616144	91.317243	-3.982427	-0.634561	0.766436	4.032666	20.042977	
34.000000	94.781739	92.094575	-3.816833	0.142771	0.794775	3.819502	19.988501	
35.000000	95.189541	92.915961	-3.409030	0.964157	0.917048	3.542751	19.944177	
36.000000	95.906714	93.509555	-2.691857	1.557751	0.930963	3.110094	19.860577	
37.000000	95.703637	94.015214	-2.894934	2.063410	0.544914	3.555039	19.908772	
38.000000	96.102756	93.969962	-2.495815	2.018159	0.401676	3.209682	19.870939	
39.000000	96.439743	93.974204	-2.158828	2.022400	0.337013	2.958148	19.858896	
40.000000	96.687790	93.582235	-1.910781	1.630431	0.463861	2.511850	19.834879	
41.000000	96.611777	93.382994	-1.986795	1.431190	0.213248	2.448603	19.809025	
42.000000	96.636762	93.960033	-1.961809	2.008230	0.577580	2.807433	19.833589	
43.000000	95.795034	93.572296	-2.803537	1.620492	0.926740	3.238180	19.770017	
44.000000	96.143815	94.270511	-2.454756	2.318708	0.780483	3.376719	19.761025	
45.000000	96.286931	94.937802	-2.311640	2.985998	0.682465	3.776224	19.732935	
46.000000	96.146028	95.182403	-2.452543	3.230599	0.282282	4.056074	19.773786	
47.000000	96.098345	95.507684	-2.500226	3.555880	0.328757	4.346885	19.827693	
48.000000	95.653346	95.451128	-2.945225	3.499324	0.448579	4.573797	19.778130	
49.000000	95.510065	95.733203	-3.088506	3.781399	0.316379	4.882402	19.793732	
50.000000	95.777182	96.879791	-2.821389	4.927988	1.177292	5.678495	19.857926	
51.000000	95.793265	97.453630	-2.805306	5.501826	0.574064	6.175745	19.859418	
52.000000	96.077499	96.925644	-2.521072	4.973840	0.599632	5.576279	19.817966	
53.000000	96.369956	96.954669	-2.228615	5.002865	0.293893	5.476804	19.770482	
54.000000	96.236869	97.262126	-2.361702	5.310323	0.335026	5.811812	19.832112	
55.000000	97.030175	96.455315	-1.568396	4.503511	1.131494	4.768803	19.778294	
56.000000	97.697591	96.831597	-0.900980	4.879793	0.766180	4.962272	19.625993	
57.000000	98.063827	96.653302	-0.534744	4.701499	0.407330	4.731812	19.667066	
58.000000	97.441576	95.608918	-1.156996	3.657114	1.215704	3.835769	19.651281	
59.000000	97.764394	95.503391	-0.834178	3.551587	0.339628	3.648235	19.670670	
60.000000	98.059785	95.356127	-0.538787	3.404323	0.330064	3.446695	19.695542	
61.000000	98.658443	95.170577	0.059872	3.218773	0.626754	3.219330	19.740688	
62.000000	98.359751	95.320403	-0.238820	3.368599	0.334162	3.377054	19.764491	
63.000000	98.830439	95.430642	0.231867	3.478838	0.483425	3.486557	19.932108	
64.000000	99.410635	95.508596	0.812064	3.556793	0.585410	3.648317	19.930683	
65.000000	100.041739	94.878262	1.443167	2.926458	0.891972	3.262957	20.002862	
66.000000	99.962826	94.760872	1.364254	2.809068	0.141448	3.122828	19.964520	
67.000000	99.314273	94.905556	0.715702	2.953752	0.664495	3.039224	20.031139	
68.000000	99.863356	94.999583	1.264785	3.047779	0.557076	3.299794	20.036771	
69.000000	99.591537	95.291504	0.992965	3.339700	0.398878	3.484189	20.014018	
70.000000	100.121771	95.307879	1.523200	3.356075	0.530487	3.685564	20.046056	
71.000000	99.599242	95.046938	1.000671	3.095134	0.584061	3.252875	20.057391	
72.000000	100.292976	94.319278	1.694405	2.367474	1.005364	2.911347	20.033578	
73.000000	100.360030	93.172570	1.761459	1.220766	1.148667	2.143130	20.054180	
74.000000	100.038798	93.148451	1.440226	1.196647	0.322137	1.872490	20.060262	
75.000000	99.964413	92.721639	1.365842	0.769835	0.433246	1.567855	19.979460	
76.000000	99.690487	92.369366	1.091915	0.417562	0.446242	1.169033	20.012253	
77.000000	99.162726	92.285228	0.564155	0.333425	0.534425	0.655319	20.083114	
78.000000	99.059857	92.328803	0.461285	0.376999	0.111718	0.595745	20.041620	
79.000000	98.781147	91.651843	0.182576	-0.299961	0.732089	0.351156	20.056762	
80.000000	98.479719	90.594202	-0.118852	-1.357602	1.099756	1.362795	20.087587	
81.000000	98.420359	89.741263	-0.178213	-2.210541	0.855002	2.217713	20.082691	
82.000000	98.059487	89.807055	-0.539084	-2.144748	0.366820	2.211461	20.076598	
83.000000	97.787877	89.418850	-0.810694	-2.532954	0.473788	2.659526	20.060941	
84.000000	96.930118	88.929250	-1.668453	-3.022554	0.987654	3.452473	20.002828	
85.000000	96.469039	88.232276	-2.129532	-3.719528	0.835684	4.286000	19.984417	
86.000000	96.511584	88.430609	-2.086987	-3.521195	0.202846	4.093205	19.934358	
87.000000	96.004422	89.137079	-2.594150	-2.814725	0.869663	3.827831	19.902365	
88.000000	96.081132	88.763609	-2.517439	-3.188195	0.381267	4.062276	19.861267	
89.000000	96.160661	88.745765	-2.437910	-3.206039	0.081506	4.027665	19.872517	
90.000000	96.591899	88.976146	-2.006672	-2.975657	0.488919	3.589049	19.860099	
91.000000	96.651905	89.385694	-1.946666	-2.566109	0.413921	3.220936	19.887055	
92.000000	96.896095	89.096543	-1.702476	-2.855261	0.378468	3.324296	19.883079	
93.000000	96.188692	89.037327	-2.409879	-2.914477	0.709877	3.781758	19.848277	
94.000000	95.241344	88.799636	-3.357227	-3.152168	0.976711	4.605120	19.744538	
95.000000	94.791985	89.316938	-3.806586	-2.634866	0.685219	4.629538	19.759016	
96.000000	94.608253	89.984259	-3.990319	-1.967545	0.692152	4.449031	19.737047	
97.000000	94.657870	90.507361	-3.940701	-1.444443	0.525450	4.197087	19.759280	
98.000000	94.383866	91.074149	-4.214706	-0.877655	0.629545	4.305116	19.850848	
99.000000	94.390841	91.306068	-4.207730	-0.645736	0.232024	4.256991	19.878424	
100.000000	94.895421	91.829800	-3.703150	-0.122004	0.727252	3.705159	19.873472	
101.000000	95.480823	92.298945	-3.117749	0.347141	0.750195	3.137015	19.967299	
102.000000	95.391422	93.285162	-3.207149	1.333358	0.990261	3.473277	19.956897	
103.000000	95.210556	93.833140	-3.388016	1.881337	0.577055	3.875316	19.994689	
104.000000	95.669626	93.458976	-2.928945	1.507172	0.592237	3.293977	19.964219	
105.000000	95.509235	94.466251	-3.089336	2.514447	1.019965	3.983270	20.032021	
106.000000	95.309294	94.740346	-3.289277	2.788542	0.339270	4.312228	19.968415	
107.000000	94.867885	94.850737	-3.730686	2.898933	0.455004	4.724599	19.899432	
108.000000	94.521134	93.673466	-4.077437	1.721662	1.227275	4.426015	19.871441	
109.000000	94.852735	93.582143	-3.745837	1.630340	0.343946	4.085254	19.892880	
110.000000	94.887870	94.066941	-3.710701	2.115137	0.486069	4.271195	19.844356	
111.000000	95.571253	93.470758	-3.027318	1.518954	0.906888	3.387016	19.846231	
112.000000	95.626413	93.473534	-2.972158	1.521730	0.055229	3.339070	19.848244	
113.000000	95.587287	93.602971	-3.011284	1.651167	0.135221	3.434266	19.864011	
114.000000	95.454991	94.035675	-3.143580	2.083871	0.452477	3.771553	19.923271	
115.000000	96.147647	94.788976	-2.450924	2.837173	1.023345	3.749210	19.865114	
116.000000	95.331893	94.352331	-3.266678	2.400528	0.925264	4.053852	19.930151	
117.000000	95.301229	95.445817	-3.297343	3.494013	1.093915	4.804227	19.912991	
118.000000	96.024949	95.519396	-2.573622	3.567592	0.727451	4.399005	19.869085	
119.000000	96.573810	96.070192	-2.024761	4.118389	0.777577	4.589203	19.829523	
120.000000	96.590453	96.327054	-2.008118	4.375250	0.257400	4.814079	19.810722	
121.000000	96.674749	96.248700	-1.923822	4.296896	0.115088	4.707909	19.788027	
122.000000	96.893305	96.258162	-1.705266	4.306358	0.218761	4.631701	19.738330	
123.000000	96.583208	95.448242	-2.015363	3.496439	0.867255	4.035687	19.811894	
124.000000	97.410921	95.721818	-1.187650	3.770014	0.871753	3.952660	19.716231	
125.000000	97.110897	96.018834	-1.487674	4.067031	0.422176	4.330579	19.721433	
126.000000	96.566217	96.617343	-2.032354	4.665539	0.809252	5.088980	19.709144	
127.000000	96.348448	95.935842	-2.250123	3.984038	0.715449	4.575545	19.775854	
128.000000	96.415069	96.476367	-2.183502	4.524563	0.544615	5.023878	19.693605	
129.000000	96.010003	96.192020	-2.588568	4.240216	0.494906	4.967909	19.734897	
130.000000	95.838988	96.423592	-2.759583	4.471788	0.287875	5.254730	19.727596	
131.000000	95.871858	96.938450	-2.726713	4.986646	0.515906	5.683450	19.747052	
132.000000	95.708758	96.914759	-2.889813	4.962955	0.164812	5.742991	19.718462	
133.000000	96.392501	97.038505	-2.206070	5.086702	0.694851	5.544482	19.751460	
134.000000	96.320895	97.016857	-2.277676	5.065053	0.074807	5.553609	19.767544	
135.000000	96.665765	96.391487	-1.932806	4.439683	0.714158	4.842162	19.829491	
136.000000	96.697250	95.237056	-1.901321	3.285252	1.154861	3.795774	19.881083	
137.000000	97.310896	95.027701	-1.287675	3.075897	0.648375	3.334554	19.818646	
138.000000	97.246516	94.528173	-1.352055	2.576369	0.503659	2.909593	19.787904	
139.000000	96.561740	94.890546	-2.036832	2.938742	0.774747	3.575596	19.742069	
140.000000	97.430028	94.819773	-1.168543	2.867970	0.871168	3.096892	19.747768	
141.000000	97.019793	94.906437	-1.578778	2.954633	0.419289	3.349985	19.727984	
142.000000	96.866608	94.758770	-1.731963	2.806966	0.212770	3.298296	19.755581	
143.000000	96.732957	94.449357	-1.865614	2.497553	0.337045	3.117417	19.721450	
144.000000	97.014352	94.175954	-1.584219	2.224150	0.392343	2.730676	19.745035	
145.000000	96.668286	93.851169	-1.930286	1.899365	0.474602	2.708060	19.709193	
146.000000	96.487560	94.052207	-2.111011	2.100403	0.270329	2.977929	19.706740	
147.000000	96.981913	94.202731	-1.616658	2.250927	0.516761	2.771327	19.801186	
148.000000	96.889176	93.927664	-1.709396	1.975860	0.290279	2.612672	19.815494	
149.000000	96.327969	94.809451	-2.270602	2.857647	1.045227	3.649901	19.816653	
150.000000	96.650982	94.295251	-1.947589	2.343447	0.607238	3.047105	19.847139	
151.000000	96.283482	94.707444	-2.315089	2.755640	0.552232	3.599055	19.809074	
152.000000	96.414907	94.711319	-2.183664	2.759515	0.131482	3.518994	19.795633	
153.000000	97.091701	95.104655	-1.506870	3.152851	0.782792	3.494443	19.755227	
154.000000	97.172658	96.227527	-1.425913	4.275723	1.125786	4.507220	19.704582	
155.000000	96.192138	96.073096	-2.406433	4.121292	0.992607	4.772417	19.690970	
156.000000	96.579618	95.811925	-2.018953	3.860121	0.467281	4.356226	19.658164	
157.000000	96.567603	96.251102	-2.030968	4.299298	0.439342	4.754871	19.671524	
158.000000	97.415707	96.160106	-1.182864	4.208303	0.852972	4.371382	19.696057	
159.000000	97.123933	96.036703	-1.474638	4.084899	0.316797	4.342920	19.609381	
160.000000	97.166904	96.095240	-1.431668	4.143436	0.072616	4.383804	19.646323	
161.000000	97.631338	95.720137	-0.967233	3.768333	0.596994	3.890485	19.646518	
162.000000	97.559856	96.024077	-1.038715	4.072273	0.312233	4.202658	19.646316	
163.000000	97.488455	95.923483	-1.110117	3.971680	0.123358	4.123906	19.649445	
164.000000	97.177027	95.783585	-1.421544	3.831781	0.341407	4.086971	19.635553	
165.000000	97.894610	95.911197	-0.703961	3.959393	0.728841	4.021486	19.681142	
166.000000	98.195580	95.194398	-0.402992	3.242594	0.777421	3.267540	19.647065	
167.000000	98.747466	95.120958	0.148895	3.169154	0.556751	3.172650	19.743904	
168.000000	99.415498	95.570032	0.816927	3.618228	0.804944	3.709305	19.778790	
169.000000	99.749682	95.274866	1.151111	3.323062	0.445872	3.516788	19.772184	
170.000000	99.776686	95.136599	1.178115	3.184795	0.140880	3.395714	19.867173	
171.000000	99.558951	94.833664	0.960379	2.881860	0.373066	3.037671	19.864044	
172.000000	99.364945	94.674939	0.766374	2.723135	0.250662	2.828921	19.867075	
173.000000	99.061503	95.143507	0.462932	3.191704	0.558241	3.225101	19.933115	
174.000000	98.656158	94.979513	0.057587	3.027709	0.437263	3.028257	19.894699	
175.000000	99.034747	95.400432	0.436175	3.448628	0.566128	3.476102	19.945288	
176.000000	99.101333	95.231633	0.502762	3.279829	0.181457	3.318139	19.956612	
177.000000	98.636682	95.367394	0.038111	3.415590	0.484078	3.415803	19.992886	
178.000000	98.849680	94.662230	0.251109	2.710426	0.736631	2.722034	19.954377	
179.000000	98.358047	94.417695	-0.240525	2.465891	0.549091	2.477594	19.962865	
180.000000	98.484073	93.761428	-0.114499	1.809625	0.668258	1.813243	19.989841	
181.000000	99.302782	94.115947	0.704211	2.164143	0.892171	2.275836	20.082324	
182.000000	99.590535	93.038373	0.991964	1.086569	1.115333	1.471267	20.105366	
183.000000	99.744393	92.251699	1.145822	0.299895	0.801579	1.184417	20.132774	
184.000000	99.179811	91.413695	0.581240	-0.538109	1.010447	0.792087	20.156232	
185.000000	99.205733	91.185568	0.607162	-0.766236	0.229595	0.977631	20.200635	
186.000000	99.086562	90.624362	0.487991	-1.327442	0.573719	1.414297	20.191898	
187.000000	98.949180	91.754047	0.350609	-0.197757	1.138008	0.402535	20.045683	
188.000000	99.082819	91.781481	0.484247	-0.170323	0.136425	0.513328	20.035034	
189.000000	98.566195	91.409381	-0.032376	-0.542423	0.636677	0.543388	19.972671	
190.000000	98.035187	91.377297	-0.563384	-0.574507	0.531977	0.804649	19.939462	
191.000000	98.350762	90.849517	-0.247809	-1.102286	0.614930	1.129799	19.941882	
192.000000	98.376327	90.722932	-0.222244	-1.228872	0.129142	1.248807	19.970420	
193.000000	98.160196	90.754486	-0.438376	-1.197318	0.218422	1.275046	19.985504	
194.000000	97.571657	91.343629	-1.026915	-0.608175	0.832747	1.193495	19.967709	
195.000000	97.571404	90.842566	-1.027167	-1.109238	0.501063	1.511781	20.000605	
196.000000	97.322952	90.554308	-1.275619	-1.397496	0.380554	1.892141	20.027891	
197.000000	97.118148	90.638422	-1.480423	-1.313382	0.221404	1.979046	20.003188	
198.000000	96.841312	89.667150	-1.757260	-2.284654	1.009955	2.882292	19.993578	
199.000000	96.010362	89.397496	-2.588209	-2.554308	0.873608	3.636388	19.999258	
200.000000	96.216369	89.181803	-2.382202	-2.770001	0.298265	3.653463	19.961816	
201.000000	96.795548	88.798472	-1.803024	-3.153332	0.694544	3.632409	19.975034	
202.000000	96.320668	88.767896	-2.277903	-3.183908	0.475863	3.914858	19.942879	
203.000000	95.190030	89.243745	-3.408541	-2.708059	1.226693	4.353359	19.975237	
204.000000	95.740677	88.477482	-2.857894	-3.474322	0.943595	4.498719	19.974219	
205.000000	95.453857	89.510498	-3.144714	-2.441306	1.072095	3.981105	19.940734	
206.000000	95.306367	89.511982	-3.292204	-2.439822	0.147498	4.097724	19.895142	
207.000000	95.290539	89.946735	-3.308032	-2.005069	0.435042	3.868253	19.957766	
208.000000	95.587092	90.531212	-3.011479	-1.420592	0.655406	3.329728	19.981784	
209.000000	95.439247	90.431962	-3.159324	-1.519842	0.178069	3.505888	19.930931	
210.000000	94.888501	90.028378	-3.710070	-1.923426	0.682789	4.179017	19.993153	
211.000000	95.603538	90.469922	-2.995033	-1.481882	0.840380	3.341586	19.980377	
212.000000	95.712037	91.716630	-2.886535	-0.235174	1.251421	2.896099	19.942907	
213.000000	96.421048	92.334468	-2.177524	0.382664	0.940436	2.210891	19.953135	
214.000000	96.137703	93.285816	-2.460868	1.334012	0.992647	2.799189	19.930663	
215.000000	96.102588	93.283729	-2.495984	1.331925	0.035178	2.829127	19.899570	
216.000000	96.208284	93.396474	-2.390287	1.444670	0.154542	2.792946	19.889994	
217.000000	95.730351	93.143261	-2.868221	1.191457	0.540867	3.105843	19.853143	
218.000000	95.803185	92.755833	-2.795386	0.804030	0.394214	2.908719	19.893364	
219.000000	96.329834	93.261150	-2.268738	1.309346	0.729865	2.619457	19.958352	
220.000000	96.409179	92.717735	-2.189392	0.765931	0.549177	2.319502	19.911579	
221.000000	95.711485	92.091919	-2.887086	0.140115	0.937242	2.890484	19.905908	
222.000000	95.150918	92.220022	-3.447653	0.268218	0.575018	3.458071	19.950087	
223.000000	94.824319	93.031225	-3.774252	1.079421	0.874481	3.925574	19.882189	
224.000000	94.988260	93.239151	-3.610311	1.287347	0.264783	3.832963	19.901250	
225.000000	94.387121	93.414616	-4.211450	1.462812	0.626224	4.458266	19.900311	
226.000000	94.802249	93.539272	-3.796322	1.587468	0.433441	4.114865	19.870590	
227.000000	95.787846	94.370615	-2.810725	2.418811	1.289392	3.708210	19.857994	
228.000000	96.140176	94.644604	-2.458395	2.692800	0.446326	3.646214	19.813717	
229.000000	96.110187	93.837212	-2.488384	1.885408	0.807948	3.121990	19.845861	
230.000000	95.958924	94.091157	-2.639647	2.139353	0.295581	3.397730	19.858388	
231.000000	95.523731	93.699009	-3.074840	1.747205	0.585810	3.536576	19.798482	
232.000000	95.918441	94.365387	-2.680130	2.413583	0.774503	3.606727	19.792099	
233.000000	96.199189	94.726462	-2.399382	2.774658	0.457378	3.668210	19.788696	
234.000000	95.936523	94.129057	-2.662049	2.177253	0.652600	3.439031	19.701667	
235.000000	95.803146	93.808375	-2.795425	1.856571	0.347313	3.355779	19.737800	
236.000000	96.050292	93.875397	-2.548279	1.923593	0.256072	3.192795	19.677928	
237.000000	96.524691	94.731959	-2.073880	2.780155	0.979159	3.468464	19.672039	
238.000000	96.295806	95.315711	-2.302766	3.363907	0.627021	4.076592	19.685630	
239.000000	96.527187	95.620372	-2.071385	3.668568	0.382564	4.212959	19.691960	
240.000000	96.636262	95.629877	-1.962309	3.678073	0.109489	4.168798	19.654689	
241.000000	95.548664	95.353596	-3.049908	3.401792	1.122142	4.568821	19.702796	
242.000000	96.001322	95.330472	-2.597249	3.378669	0.453249	4.261585	19.711197	
243.000000	95.459353	95.831270	-3.139218	3.879466	0.737922	4.990486	19.686843	
244.000000	95.367180	96.627990	-3.231392	4.676186	0.802034	5.684067	19.727636	
245.000000	95.604998	96.674314	-2.993573	4.722510	0.242288	5.591385	19.649163	
246.000000	96.093713	96.748197	-2.504859	4.796393	0.494267	5.411072	19.701916	
247.000000	96.483354	96.204650	-2.115217	4.252846	0.668778	4.749825	19.638422	
248.000000	97.119221	96.285407	-1.479350	4.333603	0.640975	4.579148	19.712667	
249.000000	97.312889	95.938358	-1.285682	3.986554	0.397430	4.188746	19.618383	
250.000000	97.181794	95.922814	-1.416778	3.971010	0.132013	4.216181	19.608031	
251.000000	96.498385	96.015794	-2.100186	4.063990	0.689705	4.574581	19.528033	
252.000000	96.796642	95.709527	-1.801929	3.757723	0.427500	4.167425	19.578279	
253.000000	96.717860	95.681116	-1.880711	3.729312	0.083748	4.176703	19.535099	
254.000000	97.425936	95.939919	-1.172636	3.988115	0.753890	4.156938	19.583553	
255.000000	98.317914	96.041534	-0.280657	4.089730	0.897748	4.099349	19.538999	
256.000000	98.403414	95.971436	-0.195157	4.019632	0.110562	4.024366	19.566595	
257.000000	98.731907	96.508035	0.133336	4.556231	0.629164	4.558182	19.570138	
258.000000	99.452008	96.350279	0.853436	4.398475	0.737178	4.480506	19.643096	
259.000000	99.119607	96.408989	0.521036	4.457186	0.337546	4.487536	19.657232	
260.000000	98.969708	95.848340	0.371137	3.896536	0.580342	3.914171	19.655994	
261.000000	98.849720	96.597392	0.251149	4.645588	0.758601	4.652372	19.756171	
262.000000	99.229577	95.416102	0.631005	3.464299	1.240861	3.521297	19.793332	
263.000000	99.031715	95.399898	0.433144	3.448094	0.198524	3.475193	19.782146	
264.000000	99.569649	94.696705	0.971078	2.744901	0.885355	2.911610	19.806147	
265.000000	99.564985	94.298661	0.966413	2.346857	0.398071	2.538049	19.767690	
266.000000	99.827555	95.549390	1.228984	3.597586	1.277993	3.801713	19.850147	
267.000000	99.538765	94.997046	0.940194	3.045242	0.623284	3.187077	19.796123	
268.000000	98.724369	94.490299	0.125798	2.538495	0.959184	2.541610	19.822607	
269.000000	98.247637	94.212635	-0.350934	2.260831	0.551697	2.287906	19.857514	
270.000000	98.540955	95.004663	-0.057616	3.052859	0.844597	3.053403	19.869130	
271.000000	98.636119	94.982392	0.037548	3.030588	0.097735	3.030821	19.863222	
272.000000	98.383374	94.860969	-0.215198	2.909165	0.280399	2.917114	19.865726	
273.000000	98.575347	95.551160	-0.023224	3.599357	0.716392	3.599431	19.896864	
274.000000	98.963007	95.175443	0.364436	3.223639	0.539856	3.244173	19.913400	
275.000000	99.082873	94.241489	0.484301	2.289685	0.941614	2.340343	19.892844	
276.000000	98.363581	93.767572	-0.234990	1.815768	0.861382	1.830911	19.910761	
277.000000	98.786278	93.815011	0.187706	1.863207	0.425351	1.872638	19.927091	
278.000000	98.656923	93.722464	0.058351	1.770660	0.159053	1.771621	19.993534	
279.000000	98.816663	93.772797	0.218092	1.820993	0.167482	1.834006	19.951160	
280.000000	98.786171	92.862345	0.187599	0.910541	0.910963	0.929666	19.935441	
281.000000	98.543160	93.072280	-0.055412	1.120476	0.321134	1.121845	19.935983	
282.000000	98.550558	92.557452	-0.048013	0.605648	0.514881	0.607548	20.001333	
283.000000	98.980441	92.508207	0.381870	0.556403	0.432694	0.674840	20.089274	
284.000000	98.570666	92.192695	-0.027905	0.240891	0.517169	0.242502	20.052537	
285.000000	98.491716	91.661422	-0.106856	-0.290382	0.537107	0.309418	20.002675	
286.000000	98.794957	90.738509	0.196385	-1.213295	0.971455	1.229086	20.010365	
287.000000	98.681547	90.385703	0.082976	-1.566101	0.370586	1.568298	19.999233	
288.000000	98.845102	90.186601	0.246531	-1.765202	0.257666	1.782335	20.002121	
289.000000	97.843250	89.635266	-0.755321	-2.316538	1.143537	2.436567	19.992472	
290.000000	97.651764	89.034219	-0.946807	-2.917584	0.630812	3.067367	19.992207	
291.000000	97.506628	87.896575	-1.091943	-4.055229	1.146865	4.199669	19.968036	
292.000000	96.995167	87.998410	-1.603404	-3.953394	0.521501	4.266173	19.939834	
293.000000	96.639513	87.665108	-1.959058	-4.286696	0.487422	4.713138	19.917723	
294.000000	95.841062	87.919153	-2.757509	-4.032651	0.837892	4.885297	20.000996	
295.000000	95.501575	87.588104	-3.096996	-4.363700	0.474178	5.351006	20.008997	
296.000000	94.649176	87.683165	-3.949395	-4.268639	0.857684	5.815410	19.965093	
297.000000	94.476653	87.311615	-4.121918	-4.640188	0.409650	6.206574	19.986508	
298.000000	94.647289	87.649836	-3.951283	-4.301967	0.378827	5.841195	20.016379	
299.000000	94.734993	88.508065	-3.863578	-3.443739	0.862698	5.175575	19.910348	
300.000000	95.191232	88.409314	-3.407340	-3.542490	0.466803	4.915201	19.891000	
301.000000	94.834356	89.182509	-3.764215	-2.769295	0.851582	4.673148	19.948995	
302.000000	95.176694	88.805164	-3.421877	-3.146640	0.509494	4.648719	19.910149	
303.000000	95.098432	89.491481	-3.500139	-2.460322	0.690765	4.278336	19.932286	
304.000000	95.424665	90.108088	-3.173906	-1.843715	0.697590	3.670554	19.916231	
305.000000	95.881593	90.308779	-2.716979	-1.643024	0.499058	3.175138	19.958819	
306.000000	95.546196	89.944977	-3.052375	-2.006827	0.494816	3.652992	20.052520	
307.000000	94.664366	90.520631	-3.934205	-1.431172	1.053092	4.186434	19.943052	
308.000000	94.900933	90.918639	-3.697638	-1.033165	0.463005	3.839265	19.964312	
309.000000	94.641925	91.433385	-3.956647	-0.518419	0.576237	3.990465	19.912509	
310.000000	95.152953	91.533077	-3.445618	-0.418727	0.520662	3.470967	19.935342	
311.000000	95.287578	91.466036	-3.310994	-0.485768	0.150393	3.346438	20.035938	
312.000000	95.080594	91.486322	-3.517977	-0.465482	0.207975	3.548639	19.989833	
313.000000	94.936109	92.244684	-3.662462	0.292880	0.772003	3.674154	19.934833	
314.000000	95.187926	92.198198	-3.410646	0.246394	0.256071	3.419534	19.871951	
315.000000	95.053733	92.817941	-3.544838	0.866138	0.634106	3.649120	19.818033	
316.000000	95.123015	92.716710	-3.475556	0.764906	0.122670	3.558732	19.832355	
317.000000	95.559133	92.424941	-3.039438	0.473138	0.524717	3.076044	19.832860	
318.000000	95.045553	92.796666	-3.553018	0.844862	0.633990	3.652086	19.798515	
319.000000	95.664068	92.927874	-2.934503	0.976070	0.632279	3.092575	19.848406	
320.000000	96.166338	93.044219	-2.432233	1.092415	0.515569	2.666295	19.820674	
321.000000	96.473347	93.356670	-2.125224	1.404866	0.438041	2.547593	19.801835	
322.000000	96.679814	92.581065	-1.918758	0.629261	0.802616	2.019307	19.826220	
323.000000	96.166271	92.300701	-2.432300	0.348898	0.585089	2.457196	19.901223	
324.000000	96.331260	91.990493	-2.267312	0.038689	0.351355	2.267642	19.877864	
325.000000	96.424468	91.958643	-2.174103	0.006839	0.098500	2.174114	19.917527	
326.000000	95.734284	91.626112	-2.864288	-0.325692	0.766114	2.882745	19.989463	
327.000000	95.332948	92.403387	-3.265623	0.451584	0.874772	3.296698	20.020443	
328.000000	93.831942	92.520905	-4.766629	0.569102	1.505599	4.800482	19.989284	
329.000000	93.069814	92.985801	-5.528758	1.033997	0.892731	5.624617	20.014178	
330.000000	93.879677	93.394711	-4.718894	1.442907	0.907241	4.934566	20.015022	
331.000000	94.881557	93.331549	-3.717014	1.379745	1.003869	3.964832	20.011186	
332.000000	95.389392	94.065407	-3.209179	2.113603	0.892436	3.842675	19.972206	
333.000000	96.058608	93.986178	-2.539963	2.034375	0.673890	3.254242	19.960368	
334.000000	96.239947	93.178466	-2.358624	1.226662	0.827819	2.658535	19.955710	
335.000000	96.443571	92.107909	-2.155000	0.156105	1.089749	2.160647	19.917018	
336.000000	96.884919	91.972292	-1.713652	0.020488	0.461714	1.713775	19.901939	
337.000000	96.465295	91.847786	-2.133276	-0.104018	0.437705	2.135811	19.882395	
338.000000	97.046081	91.596263	-1.552491	-0.355540	0.632910	1.592682	19.856419	
339.000000	96.608853	91.607970	-1.989718	-0.343834	0.437384	2.019208	19.882891	
340.000000	97.145047	92.511188	-1.453525	0.559384	1.050384	1.557448	19.798720	
341.000000	97.167691	92.995414	-1.430880	1.043610	0.484755	1.771028	19.815121	
342.000000	97.137526	92.273014	-1.461045	0.321210	0.723029	1.495937	19.770553	
343.000000	97.036202	92.543248	-1.562369	0.591444	0.288605	1.670570	19.771074	
344.000000	96.951666	92.139316	-1.646905	0.187512	0.412683	1.657545	19.800865	
345.000000	97.148823	92.647366	-1.449749	0.695562	0.544964	1.607973	19.801324	
346.000000	97.140419	93.069656	-1.458152	1.117852	0.422373	1.837335	19.786834	
347.000000	97.216402	92.566708	-1.382169	0.614904	0.508655	1.512778	19.803866	
348.000000	97.309243	92.243178	-1.289329	0.291374	0.336587	1.321842	19.755643	
349.000000	97.369098	92.233310	-1.229473	0.281507	0.060663	1.261289	19.787468	
350.000000	97.447401	92.212398	-1.151170	0.260595	0.081048	1.180297	19.797935	
351.000000	97.599744	92.657102	-0.998827	0.705298	0.470074	1.222743	19.830918	
352.000000	97.206797	92.452600	-1.391774	0.500797	0.442977	1.479133	19.775529	
353.000000	97.296028	92.023673	-1.302544	0.071869	0.438111	1.304525	19.710205	
354.000000	97.805274	91.759687	-0.793297	-0.192117	0.573603	0.816228	19.749620	
355.000000	97.541649	91.503119	-1.056922	-0.448685	0.367866	1.148217	19.674432	
356.000000	97.169058	91.224396	-1.429513	-0.727408	0.465307	1.603942	19.696652	
357.000000	97.061461	91.591544	-1.537111	-0.360260	0.382589	1.578764	19.673124	
358.000000	97.279963	92.018122	-1.318608	0.066318	0.479283	1.320275	19.679480	
359.000000	96.346285	91.453126	-2.252286	-0.498678	1.091318	2.306831	19.701292	
360.000000	96.679990	92.772725	-1.918581	0.820921	1.361139	2.086831	19.783058	
361.000000	96.651135	92.631329	-1.947437	0.679525	0.144310	2.062586	19.750925	
362.000000	96.269472	93.059835	-2.329099	1.108031	0.573832	2.579231	19.764269	
363.000000	96.140361	93.916486	-2.458210	1.964682	0.866327	3.146867	19.727514	
364.000000	95.574514	94.755184	-3.024057	2.803380	1.011729	4.123573	19.669208	
365.000000	96.235327	95.294207	-2.363244	3.342403	0.852772	4.093480	19.679655	
366.000000	95.719438	96.458426	-2.879133	4.506623	1.273400	5.347808	19.675383	
367.000000	95.659332	96.120404	-2.939239	4.168600	0.343324	5.100623	19.695427	
368.000000	95.848807	95.468150	-2.749765	3.516346	0.679217	4.463843	19.640781	
369.000000	96.175553	96.717721	-2.423018	4.765917	1.291585	5.346493	19.586124	
370.000000	96.342478	96.952498	-2.256094	5.000694	0.288069	5.486064	19.585902	
371.000000	96.518494	96.019469	-2.080077	4.067665	0.949487	4.568656	19.584113	
372.000000	97.344990	96.674116	-1.253581	4.722312	1.054352	4.885867	19.591124	
373.000000	97.315732	96.775712	-1.282839	4.823908	0.105726	4.991570	19.628324	
374.000000	98.270700	96.305670	-0.327871	4.353867	1.064379	4.366194	19.555044	
375.000000	98.283370	96.271479	-0.315201	4.319675	0.036463	4.331160	19.606429	
376.000000	98.300576	96.097289	-0.297995	4.145485	0.175038	4.156182	19.579812	
377.000000	98.148451	95.760845	-0.450120	3.809041	0.369237	3.835545	19.561911	
378.000000	98.295584	96.373502	-0.302987	4.421698	0.630076	4.432066	19.616429	
379.000000	98.420028	95.898433	-0.178543	3.946629	0.491097	3.950666	19.660451	
380.000000	98.880514	95.744264	0.281943	3.792461	0.485608	3.802926	19.676659	
381.000000	98.854196	95.450477	0.255625	3.498673	0.294964	3.507999	19.700518	
382.000000	99.222521	96.448679	0.623950	4.496876	1.063988	4.539956	19.795509	
383.000000	98.725018	95.583883	0.126447	3.632079	0.997688	3.634280	19.916616	
384.000000	98.772067	95.314466	0.173495	3.362663	0.273494	3.367135	19.912269	
385.000000	99.781292	94.276039	1.182721	2.324235	1.448056	2.607853	19.910907	
386.000000	99.651313	94.967639	1.052742	3.015835	0.703708	3.194296	19.934652	
387.000000	100.326056	95.149414	1.727485	3.197610	0.698799	3.634407	19.945222	
388.000000	100.780321	95.442872	2.181750	3.491068	0.540809	4.116745	19.984381	
389.000000	100.277578	94.714355	1.679007	2.762551	0.885149	3.232762	19.960373	
390.000000	99.906786	93.716238	1.308215	1.764434	1.064765	2.196509	19.966393	
391.000000	99.426971	93.700427	0.828399	1.748623	0.480076	1.934923	19.963885	
392.000000	98.240319	93.297063	-0.358253	1.345260	1.253333	1.392145	19.969010	
393.000000	98.172547	93.187426	-0.426024	1.235623	0.128892	1.307004	20.005319	
394.000000	98.197266	92.226085	-0.401305	0.274281	0.961660	0.486082	20.066704	
395.000000	98.716180	91.734485	0.117609	-0.217319	0.714803	0.247102	20.037465	
396.000000	98.983528	91.569831	0.384956	-0.381973	0.313983	0.542305	20.087041	
397.000000	99.676519	91.255594	1.077948	-0.696209	0.760909	1.283230	20.045824	
398.000000	99.485430	91.352351	0.886859	-0.599453	0.214189	1.070450	20.030388	
399.000000	98.884709	90.962479	0.286137	-0.989325	0.716147	1.029873	20.032152	
400.000000	98.976043	90.267629	0.377471	-1.684175	0.700827	1.725957	20.044757	
401.000000	98.112694	90.526143	-0.485877	-1.425661	0.901222	1.506183	19.999715	
