0	0	0	0	0	0	0	0	0	0	0	0	0	0	0	0	0
79.889	77.667	88.667	93.444	91.889	92.889	69.889	63.556	54.778	53.778	62.333	58.889	64.111	102.67	70	87.667	79.889
63	74.333	84.222	96	95	94.556	73.111	64.667	65	55.667	60.889	57.889	62.778	91.778	61.667	67.556	63
69.111	90.222	99.222	100.89	101.67	94.556	72.444	64.667	55.222	59.222	71	62.444	56.667	85.778	61.667	75.667	69.111
74.778	100.67	100.33	100.56	95.667	86.444	72.222	58.444	51.111	66.667	72.333	61.444	56.333	76.667	64.778	86	74.778
71.333	105.67	96.222	105.89	104.89	85.778	81	56.333	53	69.111	71.889	63.556	56.889	57.778	58.444	71.889	71.333
70.778	96.778	87.778	100.33	98.667	87.889	81.222	63	50.111	68.889	63.667	62.111	77.667	61.889	57.667	63.222	70.778
105.78	142.67	108	133.67	107.33	100.33	83.444	58.222	54	91	75.333	65.667	68.778	62.889	58	70.556	105.78
105.89	131.11	118.22	137.67	109.67	127.56	88.222	71.778	64	82.556	75.667	50.778	52.889	54.889	43.222	62.111	105.89
150.56	156.11	157.78	151.78	114.67	133.44	81.333	57.111	75.222	94.667	96.778	48.889	59.667	46.556	53.889	83	150.56
172.44	171.67	196.33	187.22	152.44	161.33	99.556	62.556	76.444	101	112.44	58.889	60.556	43.111	48.222	90	172.44
181.78	180.22	215.89	186.78	177.67	164.89	108.56	61.222	82	104.11	111.56	89.556	54.444	47.444	50.778	106.44	181.78
200.56	191.78	227.22	185.33	174.89	151	94.222	53	94.444	106	84.111	101.89	49.556	46.444	55.556	145.33	200.56
213.67	208.44	236.22	196	182.22	146.11	86	56.222	109.78	104.33	56	89.444	46.111	47.333	73.333	185	213.67
194	217.22	230	200.89	202.89	153.89	108.89	54.889	108.56	103.22	51	71.889	43.333	57.111	60.778	173.89	194
193.67	224.56	214.56	206.89	199.56	143.89	95.889	68.889	97.889	114.89	79.556	45.889	44.111	58.444	81.667	189.67	193.67
193.56	223.22	203.33	195.67	184.78	128.67	75.111	85.444	88.444	126.89	112.33	48	48.778	56.556	101.78	193.22	193.56
198	224.22	194	191.67	163.56	112.56	62.222	102.78	99.444	104.22	124.22	51.556	56.667	62.667	143.33	201.22	198
201.89	221.33	181.33	186.44	141.78	109.22	60.111	110.89	114.78	63.889	79.444	46.667	63.889	79	162.44	192.56	201.89
201.56	208.22	155.22	155.56	115.11	101	66	99	113.89	53.111	52.444	46.444	60.667	95.556	166	180.78	201.56
195.78	184.22	154.11	155.67	123	101.11	77.333	81.778	105.78	52.556	49	43.667	66.778	84.111	141.44	159.22	195.78
203	168.33	174	152.56	136.89	90.111	82.333	73.556	97.778	72.333	52.333	43.111	65.556	103	133.56	166.22	203
199.33	165.67	189.33	157.89	156.78	96.222	81.111	73.889	87.556	84.667	48.889	48.333	64.111	93.667	113.89	166.56	199.33
179.89	172.22	188.78	163.89	165	102.22	73.556	76.556	60.111	70.889	49.556	67.444	55.333	77.778	93.778	163.22	179.89
171.67	174.44	177.44	155.89	146.56	97.222	72.778	89.111	56	54.444	53.111	79	52.667	85.111	101.56	170.56	171.67
169.78	192.33	176.78	169.11	131.22	83.556	68.556	99	68.556	46.333	61.667	83.778	57.222	88.667	124.11	182.33	169.78
166.67	195.33	165.44	169.33	114	77.222	68.667	83	71.667	51.111	57	72.889	64.444	82	129.22	174.22	166.67
178.22	197.56	174.33	169.89	102.89	72.444	68.111	74.222	77.667	48.222	60.889	63.444	72.333	88.556	145.89	172.44	178.22
193.22	198	198	165.78	95.444	74.222	76.556	63.889	62.556	60.111	78	52.444	68.556	106.78	158.44	170.78	193.22
200.44	198.33	205.78	151.56	85.111	75.667	92.222	79	50.667	67.111	90.556	50.667	73.556	142.22	175.33	177.78	200.44
202.22	201.56	220.56	145.44	83	73.111	85.667	81.333	52	65.222	74.889	57.444	66	152.89	168.33	178.89	202.22
199.67	209.67	224.33	145.89	89.444	75.333	72.889	68.556	51.889	65.333	65.556	64.556	60.444	127.67	142.89	178.67	199.67
201.11	219.67	220.78	125.89	80.111	68.556	62.222	71.333	64.889	64.111	61.333	58.778	74.111	158.22	162.89	188.44	201.11
199.11	223.11	201.78	98.111	74.222	72.222	60.333	61.444	81.556	59.778	68	57.778	102.78	173.89	170.11	191	199.11
197.89	217.33	164.22	80.778	75.889	75.556	68	50.778	82.444	62	65.889	66.444	142.67	186.11	177	188	197.89
193.33	196.56	109.11	75.778	73	75.778	75.444	50.222	64.333	60.111	64.222	86.222	176	194.44	177.33	182.44	193.33
198.67	201	96.222	76.778	69.333	73	84.556	52.667	58.889	60.222	75.556	93.222	203.44	197	187.22	186.11	198.67
198.89	193.33	81.889	75.556	68.333	68.889	74.444	60.889	58.444	59.111	76.667	97.667	206.67	190	183.11	181.56	198.89
196.44	173.89	71.333	79.111	69.111	67.778	60.667	70.556	60.111	59.667	76.222	110.33	208.78	187.56	180.56	180	196.44
193.89	158.44	69.889	78.667	70.667	72.333	56.444	69.222	61.444	60.778	70.222	101.56	183	175	171.33	174.67	193.89
200.22	151.67	70.111	79.778	73.333	75.444	54.667	72.444	60	64.889	62.444	100.89	168.11	173	173	177.11	200.22
200.78	138.78	64.111	83	74.667	81.556	51.667	72.444	55.889	60.778	64.889	129.89	188.33	187.89	180.22	180.11	200.78
216.56	154.56	77.778	75.333	78.333	82.333	50.556	64.889	57.556	84.889	55.778	117.33	157.89	192.11	188	192	216.56
213	130.44	63	78.333	72.444	85.778	49.111	59	60.556	72.556	64.889	160.89	182.78	200.44	192	195	213
211.56	118.78	59.778	80.111	65.556	84.222	51.556	61.556	68.778	65.778	84.667	197.56	202.89	207.89	196	196.67	211.56
211.67	116	59.778	81.778	60.889	76.889	55.111	65.222	73	60.333	91.333	204.67	209.78	209.89	194.67	197.22	211.67
205.89	104.78	60.444	83.778	59.333	66.111	56	67.889	77.444	56.778	108	208.33	217	206.89	195.33	200.22	205.89
203.56	117.89	58.778	84.333	59.333	59.111	55.778	70.889	85.667	59	101.22	190.44	217.78	205.56	196.22	199.78	203.56
198.56	120.67	61.111	84.889	68.556	58.111	57.889	76.778	96.556	59	112.67	186.89	221.67	203	193.56	199.11	198.56
192.56	97.111	64.444	85.333	96.889	64.222	57.111	90	83.111	61.111	169.78	212.56	217.56	189.11	186.44	198.44	192.56
187.22	94.111	68.667	76.111	118.89	69.778	59.556	104.22	69.444	76.333	194.22	220.44	206.33	177.78	179.44	196.44	187.22
167.22	86.111	67.667	51.111	97.333	60.333	57.667	111.22	60.889	75.889	170.44	220	212.89	193.33	192	201	167.22
158.89	75.111	74.222	47.889	57.889	58.778	65.444	114.33	57	94.111	167.22	226.11	215.56	197.22	197.33	196.33	158.89
161.56	72.667	78	60.889	46.444	60.333	72.889	127	56.111	97.444	162.67	227.44	210.78	192.89	196.78	192.56	161.56
132.11	58	67.778	84.556	47.222	41.333	68.333	96	54.889	104.56	152.11	219.22	222.56	217.44	214.78	176.67	132.11
116.22	52.556	54.222	83	45.444	43.333	86.333	75.667	60.444	130.22	172.22	219	222.33	216.22	213.56	172.56	116.22
92.111	59.111	52.667	65.111	48.222	45.889	87.778	64	68.333	136.78	175.44	214.67	231.11	227.11	204.89	160.11	92.111
112.67	65.111	59	60.222	50.889	46.444	87.111	65.778	56.333	89	131.33	197.56	238	236.78	187.67	164.33	112.67
95.333	64.778	60	61.222	51.556	50.778	87.889	61.444	57	96.889	136.22	200.11	241.44	237.22	175.11	152.78	95.333
80.222	64.889	62.667	62.556	54.889	50.667	88	60.222	59.889	100.11	138.89	197.33	239.44	235.44	164.56	139.33	80.222
63.333	56.333	64.111	56.222	62.333	52.444	85.889	58.111	71.444	113.11	149.67	199.89	239	226.33	148	115	63.333
68.444	57.333	61.444	52.444	63.556	53.889	82.111	58.111	61.111	103.78	149.56	208.67	244.78	216.67	157	121.56	68.444
62.778	50.333	58.778	48.222	69.778	58.778	72	55.444	71.778	110.56	162.56	213.44	245	208.78	151.56	110.33	62.778
55.222	50.667	53	50.111	66.667	70.111	60.889	56	96.333	136.44	180.67	222.78	245.56	195.89	139.33	90.444	55.222
50	54.333	52.111	51.556	73.667	63.778	62.667	63.556	108.11	140.78	174.89	214.22	232.56	158.22	104.11	66.111	50
45.667	55.778	51.444	62.889	67.333	57.667	65.111	64.444	93.889	140.44	160.78	214	222.33	147.22	98.222	65.889	45.667
62.222	53.111	47.556	76.222	62.667	53.222	59.889	63.333	68.111	124.56	141.44	218.44	206.44	175.22	119.67	93.667	62.222
59.889	47.556	45.556	88.778	61.667	54.667	58.444	63.222	81.222	146.44	164.44	231.56	195	174.89	103.78	79.333	59.889
72.222	48.111	47.333	92.667	61.778	59.111	60	64.222	80.556	141.89	175.44	239.89	195.11	195.22	118.56	90.778	72.222
61.333	50.556	45.556	88.111	57.333	68.222	64.667	69.111	102.78	153.44	194.78	240.22	192.89	182.89	100.33	75	61.333
68.889	48.889	48.444	76.333	57.222	64.778	66.667	70.444	79.556	132.67	183.33	214.11	194.78	166.11	107.56	93.111	68.889
48.333	43	68.667	56.667	59	66.667	56	66.556	106.44	145.33	183.11	182.67	166.33	114.33	77.778	77.889	48.333
49.333	43.222	94.889	67.556	80.889	77.667	64.444	73.222	107	128.44	152.78	126.44	106.78	73.556	58.667	66.778	49.333
46.889	42.778	88.778	67.444	86.222	71.222	75.556	72.222	94.556	126	147.67	112.11	102.11	85.333	75.333	73.222	46.889
48.111	47.333	68	66.667	89.778	74.556	76.222	77.556	85.778	120.67	112.11	90.778	75.222	78.667	77.222	63.667	48.111
53.778	54.556	65.889	72.333	86.889	77.222	76.222	71.222	74.111	110.44	77	82.333	66.111	69.222	73.556	66	53.778
68.222	61.556	70.667	78.778	82	74.667	72.444	61.889	62.667	85.667	62.778	74.222	71.889	84.889	83.778	74.667	68.222
75	61.333	68.889	81.111	73.778	78.778	67.556	57	60.889	83.444	61.222	73.778	75.778	105.44	85.333	81	75
79.778	71.778	88	86	88.444	90.333	65	58.222	57.222	65.667	59.556	57.667	57.444	103.22	70.778	89.111	79.778
74.333	103	128.78	98.556	123.33	90.667	78.333	59.333	50.444	63.889	74.667	60.889	52.889	69.444	63	87.556	74.333
78	124.78	133.11	128.89	146.11	101.44	96.444	62.444	51	69	84.111	78.111	49	54.556	51.556	77.556	78
96.333	149.67	126	145.33	128.44	103.22	93.667	61.222	48.778	88.667	78.333	75.556	52.333	59.111	55.667	85.889	96.333
114.56	176.78	134.67	173.33	125.56	120.44	93.667	58.556	55.222	103	81.778	66.556	50.778	61	52.778	78.444	114.56
158.56	208.78	173	202.78	132.67	133.78	89.667	58.889	65.222	113.22	91.889	55.222	49	56.111	65.111	97.333	158.56
193	213	213.67	227	157.11	162.11	92	57.889	71.667	106.33	103.22	55.778	55.222	45.889	63	109.11	193
195.11	198.89	220.22	202.67	160.11	161.56	83.667	58.111	86	85.667	121.78	67.222	66.333	45.333	58.889	115.78	195.11
210.56	197.33	223.89	179.22	142.44	134.11	72.111	53.667	96.444	96.889	107.56	71.222	70.778	57.889	79.111	145	210.56
212.33	199.67	233.67	178.11	162.89	137.56	80.222	54.111	102.33	108.78	86.222	77.444	61.556	48.778	71.556	150.11	212.33
200.67	203.11	220.89	166.11	176.67	134.33	91.333	62.111	100.44	117.56	65	62.778	46.778	47.667	70.333	150.78	200.67
178.89	201.56	184.89	154.22	181.44	131.11	91.111	78.889	86.778	124.67	59.444	47.667	44.333	48.111	67.889	146.67	178.89
169.44	202.56	157.44	155.22	162.56	117	77.222	93.222	70	117	70.556	59.889	46.111	54.889	77.111	157.11	169.44
161.89	195.22	143.56	182.33	160.11	125.22	82	80.333	69	90.556	94.667	62.778	48.222	57.667	70.333	139.22	161.89
187.56	190.78	168.78	205.22	163.33	127.67	75	80.444	103.67	66.667	86	50.222	55.889	56.889	85.889	146.56	187.56
214.56	196.11	202.22	227.78	182	130	73	78.667	132.44	80.667	56.556	50.111	70.333	60.111	115.11	170.89	214.56
218.22	194.11	207.44	222.56	164.11	113.89	75	76.111	129	87.222	44	55.111	72.778	77.333	145.56	184.67	218.22
217.89	187.11	215.56	205.56	139.67	96.444	85	77	101	98.111	48.778	49.111	66.667	108.11	163.78	189.78	217.89
207.33	184.22	215	182	122.78	82.667	83.111	80.556	74.889	105.67	50.333	47.889	65.333	126.67	162.67	196.11	207.33
200.89	189.67	215.22	166.67	115.33	71	76.778	100.89	81.556	72.778	53.556	52.556	66.333	152	172.67	203.44	200.89
193.67	192.11	207.33	164.67	112.44	76	72.111	94.111	89	48.111	56.444	62.111	67	152.56	169.44	201.67	193.67
184.89	188.56	185.11	137.78	99.333	91.333	61.333	78.889	90.111	43.111	66.333	66.333	85.111	165.44	173.44	197.56	184.89
169.67	176.33	150	110.56	83	90.778	64.556	61.222	76	48.667	60.222	61.333	100.33	164.33	174.33	186.78	169.67
174.89	176	128.11	92	72.111	78.667	68.778	66.111	62.222	55.556	51.444	65.556	162.22	193.22	197.56	188.78	174.89
181.67	182.56	126.33	84.889	77.667	69.667	68.778	81.778	51.556	62.333	52.889	75.667	195.22	201.78	205.33	186.78	181.67
176.44	175.33	122.78	83.111	91.333	61.778	66	83.111	48.444	60.333	59.667	74.333	173.56	187	191.22	173.33	176.44
184.67	169.22	102	71.778	104.67	59.556	72.556	76.333	53.333	55.556	59.222	118.33	210.22	211.22	199.89	178	184.67
190.78	176.44	105.44	71.889	103.67	64.778	85.444	60.778	61.444	55.333	56.333	145.78	210.11	222.22	197.89	183.11	190.78
199	194.33	115.22	80.889	93.111	70.667	100.56	50.111	81	63.111	53.778	159.78	205.22	227.89	192.22	189	199
203.11	218.22	159.78	82	79.556	74.222	80.778	51.333	82.444	71.556	54.111	97.333	175.33	209	183.78	192.78	203.11
205.33	217.44	142.89	79.111	70.778	73.889	74.333	54.556	73.556	80.667	57.778	90.333	186.44	194.33	184.22	192.11	205.33
205.22	213.11	128.22	79.667	67	68.778	81	56	65.556	81.333	60.333	100.11	210	195.89	188	192.33	205.22
205.78	200.67	107.22	80.111	66.444	67.111	64.667	60.889	61.444	74.111	63.667	82.444	187.89	174.44	179.44	191.22	205.78
210.89	197.56	89.556	80.222	69.778	64	55.222	66.667	62.889	64.889	64.778	87.667	179.44	174.78	186.22	191.44	210.89
213.78	195.11	82.889	79.778	76.111	60.889	48.556	74.778	64.111	60.333	56.667	101.78	171.33	184.78	192.11	190.56	213.78
214.56	184	78.222	77.222	75.111	69.444	44.111	73.667	63.778	75.222	55.889	136.22	174.33	199.11	196.11	193.33	214.56
212.44	138.89	61.778	76.444	69	75.556	44.222	69.667	60.333	66.667	76.222	186.44	195.33	207.22	197.11	196	212.44
215.89	152.56	71.333	74.111	70.333	71.778	45.556	66.667	70.444	82.556	60.556	152.33	182.33	207.67	197.33	198.22	215.89
214.33	140.44	62.111	78	62.889	78.222	59.444	67.111	85.556	57.444	89.444	194	211.78	203.44	192.33	196.33	214.33
206.11	106.22	62.111	80	63.556	64.444	53.222	67.778	79.556	56.222	113.22	198.22	213.67	206.89	198.11	204.33	206.11
190.56	82.889	66.444	79.333	65.667	58.333	52.667	71.556	74.667	66	157	212.33	220.89	203.78	197.56	204.56	190.56
182.11	79.556	70.222	75.556	71.667	55.222	53.556	79	75.333	71	171.33	212.22	220.89	199	197.67	206.56	182.11
187.67	77.444	72.889	77.667	67.111	58.889	52.111	70.111	73	70.111	167.67	217.56	220.78	201.22	197.33	205.67	187.67
194.22	75.778	74.556	77	64.556	65.444	52.333	63.333	67.111	74.333	165.44	229.67	221.22	204.56	196.44	202.33	194.22
204.44	94.667	62.667	78.889	65.444	71.889	51	61.444	69.333	62.333	117.78	215.33	212	208.56	195.22	201	204.44
191.89	74.889	74.667	78.111	65.667	86	52.778	60.889	53.111	92.333	135.44	233.33	217.56	209.56	192.11	191.33	191.89
200.78	91.222	71.333	80.444	69.222	97.778	51.333	58.444	53.333	87.889	133.67	236.78	220.11	209.78	192.56	190	200.78
211.44	119.33	65.222	85.889	83.667	117.22	53.778	57.778	56.667	81.778	130.11	239.11	223.56	202.78	189.56	187.89	211.44
211.44	138	61.111	93.778	78.444	98.222	51.111	62.556	55.556	68.778	105	221.89	227.22	207.89	192.67	188.89	211.44
207.33	140.44	63.444	97.444	83.778	102.78	55.222	65.222	52.889	72.556	123.89	228.89	233.44	202.11	190.33	185.44	207.33
210.89	156.44	61.444	96.444	80.111	95.667	56.889	66.556	56.778	66.333	106.44	226.33	229.78	205.44	187.89	187	210.89
211.44	163.78	59.333	101.44	80.667	96.889	60.556	66.778	58.333	66.333	111.44	230.22	228.67	199.89	186.11	184.56	211.44
213.22	159.11	62.444	99.222	88.444	108.89	63.556	59.556	60.556	70.778	128	238.33	224	192.22	180.22	182	213.22
213.44	168.22	60.556	98.667	87.889	110	65.111	61.333	65.111	69.889	122	238.33	221.89	192.22	179.67	181.11	213.44
208.89	134.33	67.556	93.889	89.444	118.22	57.667	57.111	56.111	84	144.56	242	221.22	194.44	183.78	184.22	208.89
210.89	139.89	67.778	90.556	87.444	114.67	54.444	59.111	59.333	83.667	145.67	241.56	219.67	193.11	182.89	184.11	210.89
207	117.67	71.333	87	77.333	101.78	48.556	62	52.778	82.222	133.33	235	226	205.67	191.78	190	207
203.89	114.22	65.667	82.444	67.222	84	46.444	65.111	54.333	69.667	101.56	210.11	212.33	208	196.11	191.67	203.89
189.33	86.556	67.556	78.444	65.778	78.444	46.333	61	51.778	76	107	205.67	204.56	206.67	190.56	187.89	189.33
193.56	94.444	62.444	79	66.556	75.444	47	58.778	52.111	69.111	91	187.78	190.67	199.56	184	187.11	193.56
209.89	112.67	59.889	78.889	67	82.556	47.778	61.556	60.111	68.222	90.778	199.78	203.33	209.67	194.11	195.11	209.89
184.56	80.667	66.222	79	64.222	73.889	51.333	60.667	50.222	78	106.89	207.22	200.44	203.22	186	188.11	184.56
199.56	97.333	59.889	78.222	66	78.556	50.778	60.556	58	71.111	97.778	203.44	197.22	204.11	191.78	193	199.56
201.78	100.67	61.889	76	68.222	80	50.889	58.889	57.667	69.111	93.444	196.44	195.89	205.56	190.33	193.33	201.78
205.11	110	62.556	75.667	67.556	77.556	53.333	59.111	62.889	69.778	81.556	180.78	185.89	202.11	189.67	198.11	205.11
197.89	100.22	61.778	75.111	67.222	74.222	55.333	58.333	62.111	71.667	82.333	173.67	176.67	194.78	186.56	195.56	197.89
197.22	105.11	63.333	73.444	72.778	69.222	52.444	58.889	66.889	72.889	72	151	162.89	191.56	188	198.44	197.22
203.56	115.56	64.667	73.556	70.444	71.778	57.444	56.333	76	72.889	71.889	155.89	170.67	195.22	190	201.78	203.56
192.67	100.11	60.556	72	62.556	67.222	58.444	59.778	69.111	69.556	86	173.22	180.67	196.78	186.33	199.44	192.67
185.78	96.889	63.222	71.556	65	65.444	54.556	59.778	69.556	68.556	82.333	155.33	167.67	187.78	186.33	201.67	185.78
202.11	112	62.889	70.222	59.111	63	51	58.333	85.111	62.333	96	181.44	201.22	203.22	196.44	204	202.11
181.22	101.22	61.444	70.556	55.222	58.778	44.222	60.333	79	58.222	95.667	153.33	192.33	193.67	194.78	206.89	181.22
178.89	112	61.444	73.778	58.222	55.444	50.333	70.333	97	53.667	103.11	146	203.56	200.22	205.89	212.56	178.89
164.11	96.667	57.667	75.444	65.444	51.333	48	81.667	88.667	58.444	114	148.33	202.44	206.78	211	206.44	164.11
143.22	71	63.222	64.111	71.667	51.444	49.667	93.111	67.778	74.333	143.44	175	211.89	211.44	213.67	202.78	143.22
139.78	60.333	69.444	60.111	75.111	48.111	50.778	118.67	54.444	104.33	173.56	210.33	217.56	211.67	212.11	199.78	139.78
166.78	92.667	62.111	61.444	70.111	48.667	52.556	140.78	60.889	67.889	127.67	196.56	218.44	212.89	210.89	193.56	166.78
159.33	78.222	66	56.333	54.667	44.333	54.222	143.78	54.889	72.778	121.22	195.11	220.33	217.89	215.89	184.89	159.33
162.56	76.222	66.667	57.667	52.556	46.778	63.111	137.22	55.222	78.778	124.44	205.44	223	213.11	211.67	184.44	162.56
129.22	53.444	61.667	65.222	45.556	48.222	71.222	95.556	54.222	104.78	141.11	205.22	226.22	222	218.22	176.44	129.22
139.22	60.333	58.333	66.556	46.444	49.556	76.222	86	50.556	94.111	129.89	202.33	228.89	225.78	211.22	180	139.22
133.78	59.333	56.333	67.556	44.889	46.667	85.778	72.667	52.889	94.667	138.78	204.33	230.33	226.67	203.78	178.11	133.78
110.78	57	53	65	49.333	48.444	86.444	66.556	53.444	98.889	137.56	195.78	232.67	237.67	196.33	167.44	110.78
116	65.444	49.556	61.444	50.333	47.333	94.556	59.111	55.556	97.222	149.78	210.33	237.44	235.22	190.44	173.67	116
116.44	70.556	52	64.444	47.222	47.111	99.222	60.667	53.778	87.444	143.44	209.22	240.78	234.22	188.22	173.67	116.44
117.89	84.333	53.222	66.556	47.556	45.889	102.44	61.667	57	78	131	210.67	246.11	230.11	188	174.89	117.89
94.222	68.667	59.889	55.111	47.111	48.444	103	59	58.778	97.889	154.11	219.11	245.89	231.22	183.33	159.56	94.222
74	63.556	58.333	56.444	54.556	54.111	93.333	58.667	60.444	95	141.22	205.78	245.67	222.33	163.11	130.22	74
61.556	57.667	58.111	49.778	62	64.333	73.111	54.333	68.333	103.56	146	209.22	242.89	202.11	147.11	107.89	61.556
55.111	52.222	53.222	47	52.556	77.444	61.444	55.444	94.333	135.56	176.44	227.11	249.78	204.78	144.67	94	55.111
55.444	54.444	53.111	48.667	55.333	80.556	62	58.444	100.78	138.56	170.89	227.22	246.33	177.33	122.78	75.889	55.444
56.667	59.778	50.889	56.778	55.333	74.667	63.222	57.667	95.333	138.33	170.11	229.67	237.56	164.44	116.67	73.556	56.667
57.889	59.889	53.222	65.778	58.667	72.778	62.889	56.556	84.222	123.89	152.44	218.89	222.56	152.44	106.33	73.111	57.889
64.222	55	54	78.444	58.556	66.444	62.889	58.778	73.556	118.44	142.56	217.22	202.11	149.44	104.56	73.667	64.222
78	55.444	48	84	56	66.444	60.333	57	66	118.44	155.56	231.33	203.22	182.33	130.56	95.556	78
97	56.667	47.556	91.111	59.111	66.778	63	58.556	60.667	103.11	147.44	227.11	186.89	187.33	137.22	113.56	97
101.33	51.778	46	91.333	62.333	58.778	67.333	59.889	63.667	119	173.89	234.89	193.56	196.67	138.22	117	101.33
102.11	52.556	45.778	87.444	65.111	60.222	67.667	63.111	66.778	123.11	181.33	229.44	191.56	192.67	131	110.67	102.11
124.89	57.333	46.889	86.111	64.556	57.556	75.889	70.333	59	100.89	177.78	212.67	201.11	193.67	143.11	119.67	124.89
95.778	52.222	54.667	74.444	55.444	63.222	74.444	72.333	59.667	97.556	167.44	180.22	188.44	161	123.67	113.56	95.778
99.667	58.667	60.444	74.222	54.444	63.889	74.778	75.222	51.889	77.222	141.44	146.33	175.44	150.22	133.33	141	99.667
84.667	59.444	75.222	65.889	57.889	66.111	60.333	68.667	55.667	79.556	128.78	117.89	147.56	129.67	112.44	157.44	84.667
61.111	44	92.889	60	69.111	66.556	70.222	54.444	65	123.22	146.11	135	146.44	128.44	103.44	123.56	61.111
51	44	75.111	62.222	84.778	67.556	81.333	60.556	70.778	128.44	113.11	105.67	90.889	91.667	84.444	76.333	51
52.556	53	66.556	67.556	94.333	75	78.333	72.444	71.444	118	84.111	82.333	64.444	72.111	79.556	61.667	52.556
68.556	60.667	84	86.222	105.78	88	75.333	70.111	60.111	76.222	57.222	63.444	57.889	63	67	64.556	68.556
66.556	65.889	85.778	93.444	107.56	94.111	73	72.222	62.889	70.556	58.778	61.667	65.111	64.667	55.222	60.444	66.556
62.222	75.556	102.33	97.667	124.56	105.11	79.222	72.222	63.889	57.333	65	59	65.556	65.333	52.111	61.667	62.222
62.222	70.444	73.889	86.556	89.222	89.222	70.333	57.333	61.222	60.667	61	57	61.444	104.22	69.556	82.667	62.222
57.556	71	71.333	85	85.889	86.667	71.111	59.889	62.889	61.444	59.444	60.111	60.778	85.333	69.333	76.556	57.556
73.333	97.111	89.556	96	94.556	86.889	71.111	56.556	51	68.556	60.778	59.889	67.111	69.111	71.333	83.556	73.333
101.89	123.89	96.889	105.56	92.222	84.778	67.667	54.667	52.556	79.111	57.667	59.111	86.889	73.667	86.333	93.889	101.89
97.333	118.89	96.444	113.89	93.667	99.333	71.111	64.333	57.556	73.333	58.333	53.111	71.444	70.222	63.222	74.556	97.333
103	111.56	101	107.44	89	104.78	71.556	63.889	65.111	68.222	65.444	49.556	65.111	63.889	60.222	71.333	103
117.89	120.33	109.22	105.67	88.778	103.56	65.667	57	71.667	70.889	77.222	49.778	67.889	66.444	62.111	78.333	117.89
151.44	139	117.56	99.667	83.444	90.556	60.444	50.667	93.444	75.889	77.889	60.667	74.333	97	91.222	111.78	151.44
153	132.89	134	101.56	93.333	97.222	66.333	53.556	95.778	78.778	76.444	59.222	77	84.444	74.111	112	153
167	147.56	158.67	110.78	100.89	101.78	68.222	53.333	101.22	83.444	70.222	57.333	75.556	81.556	74.556	126.44	167
174.78	150.33	161.56	105.33	105.78	97.222	71	61	100.44	89.444	50.667	55.778	62.778	76.333	78.333	142.78	174.78
179.11	178.89	185	131.11	132.67	113.89	79.222	62.667	102.33	97.556	48.778	54.889	52.667	54.222	70.778	149.78	179.11
196.56	206.67	209.89	154.44	148.89	116.67	77.444	68	106.33	105.11	52.556	52.778	42.667	56	88.556	184.44	196.56
183.89	210.89	191.78	162.44	158	124	78.333	79.889	94.333	108.44	61.111	57	43.222	56	85.444	176.89	183.89
160.56	204.56	162.78	176.78	169.89	147.56	87.889	83.111	80.111	106.78	76.778	57.222	47	56.444	66.889	143.33	160.56
178.33	216.11	176.67	191.11	174.22	146.22	81.667	92.444	83.111	107.56	100.78	56.111	51.889	55.667	83	156.89	178.33
201.56	223.44	189.67	196.56	163.67	125.67	65.778	108	101.11	91.111	109.89	52.889	58.556	62.111	139.44	190.33	201.56
207.11	208.11	197.22	210.22	183.33	159.44	83	95.444	100.33	66	81.222	49.333	79.889	52.778	105.11	158.89	207.11
209.44	195.78	189.44	185.22	157.67	125.22	77	91.667	108.22	62.444	48.556	45.889	75.222	79.222	135.56	168.56	209.44
213.11	189	199.89	189.78	167.22	120.33	80.889	82.333	107.78	78.667	44.667	51.333	69.556	87.667	135.11	175.44	213.11
210	184.22	198.89	181.33	163.44	105.22	82.778	74.889	86.222	91.778	49.556	56.556	58.667	108.78	135	183.33	210
203.56	170.78	176.78	157.44	146	91.889	87.222	74.667	67.444	80.667	49.667	55	58.111	121.56	132.22	181	203.56
192	182.22	184	182.11	151.89	93.556	82.556	85.222	59.889	56.778	55.444	70.444	54.556	115.11	130.78	190.67	192
192.33	201.22	206.44	205.78	166.11	94.222	78.778	95.111	74.778	52.444	63.889	80.111	56.222	101.56	143.44	200.11	192.33
178.11	187.22	180.44	183.22	138.22	85.333	72.667	94.667	67.111	48.111	65	76.333	61.333	96.778	134.89	189.22	178.11
175.67	174.33	148.22	146.33	98.111	77.889	65.889	83.111	71.333	53	59.778	65.111	103.78	130.44	160.11	191.89	175.67
154.56	146.67	116.22	111.78	83.778	83.444	65.889	62.333	55.333	52.333	52.556	60.222	127.78	135.89	158.78	177.33	154.56
161.44	144.67	108	93.556	82.222	86.667	74.778	60.222	51.444	48.444	52	70.778	178	160.89	187.22	188	161.44
163	147.33	111.44	91.111	86.778	83.556	80.333	61.333	52.333	54.778	54.778	76.889	178.22	162.22	189.22	186.11	163
165.22	150.56	122.56	85.889	87.556	76	83.778	64.889	53.667	66	57.778	90.111	161.56	164.22	193.89	178.89	165.22
178.11	163.44	144.67	96.556	84.889	76.889	82.889	69.111	53.556	75.667	60.444	88	146.78	171.89	198.56	181.78	178.11
177.56	165	157.78	97.556	77.778	74.111	77.111	68.222	52.778	76.444	61.667	79.778	116.11	172.89	184.89	172.67	177.56
167	147.44	124.89	79.222	76.556	69.111	73.444	67.222	53.889	63.222	55	105.11	134	179.89	185.11	169.78	167
168.56	157	142.56	84	71.667	66.556	66.556	60	52.222	60.222	52.778	92	99	178.78	168.11	161.33	168.56
184.22	196.67	190.44	100.89	75.222	68.778	64.889	64.778	51.889	66	55.222	72.444	80	172.67	162	173.78	184.22
193.22	208.78	196.56	95	75.222	67.111	64.444	67.111	62.889	62	62	66.333	93.222	184.11	170.44	182.22	193.22
194.89	213.44	190.44	88.778	74.667	69.778	71.556	78.667	79.889	59.444	68.556	73.889	136.56	211.22	187.33	187.56	194.89
193.56	214.33	174.78	83.556	76.444	73.667	73.667	61.778	83.556	59.556	69.556	72.778	149.33	208.56	183.89	187.56	193.56
196.67	223	187.44	84.889	77.667	77.667	86.778	71.222	80.444	57.778	81.778	65.222	172	205.78	188.89	186.22	196.67
200.67	222.78	154.89	77.778	77.889	79.889	88.556	56.111	69.111	59.889	78.111	71.667	186	201.78	187.44	186.67	200.67
193.33	197.22	94	74.333	77.556	80.222	87	58.111	56.889	53.222	79.889	102.22	207.56	209.33	186.67	182.22	193.33
188.78	180.11	73.778	76.444	75.667	75.667	90.222	62.111	52.222	49.222	91.556	123.22	221	212.89	186.11	179.33	188.78
195.89	195	85.778	72.889	71.556	67.444	74	64.222	55	57	76.778	91.667	206.11	191.44	180.44	179.11	195.89
202.22	195.22	80.444	72.778	68.778	65.111	76.222	70.667	58	62.667	74.889	102	216.11	195.11	185	181.89	202.22
210.78	212.56	94.667	72.444	70.111	66.556	78.444	75	60.333	77.222	60.556	91.556	200.22	190.89	188.44	186.33	210.78
206.89	189	74.556	76.667	69.667	68.444	67	82.667	59.222	63.778	68.111	125.67	216.89	196.11	190.56	184.78	206.89
206.89	169.78	65.111	83.778	70.889	74	58.778	84.222	56.444	59	78.556	154.11	225.56	201.33	189.22	183.89	206.89
211.56	170.44	72.556	77.667	72.222	77.111	53.889	78.333	54.889	65.333	62.333	136	197.22	197.22	187.44	187.89	211.56
215.33	164.78	75.444	75.889	74.667	81.667	50.556	72.444	54.222	78.222	58.667	133.11	177.22	196.11	187.89	191.67	215.33
214.33	148.56	71.778	76.333	77	84.333	49.111	63.444	57	77.667	60	143.67	174.11	197.78	187.44	193.11	214.33
209.11	116.33	58.778	78.556	68	82.333	51.778	59.889	59.556	69	81.222	189	196.78	204.78	190.89	192.78	209.11
209.11	110.78	56.778	81.556	64.778	81.222	56.222	60.111	74.778	59.889	102.11	213.44	210.22	207.11	195.56	196.44	209.11
203.78	99.222	58.333	80.222	62.889	77.444	54.667	62.778	75.556	61.111	122.22	222.89	214	205.56	195.22	199.11	203.78
199.22	98.889	60.111	77.333	61.222	70.556	54.111	61.778	78.111	61.444	130.44	217.22	215.44	205.33	195.67	200	199.22
202.78	131.22	60.778	79.222	63.778	67.333	53.333	72	105.89	56.444	100.67	185.44	216	201.11	196.33	200.22	202.78
187.89	109.44	56.667	81.667	65.778	57.556	48.333	72.778	90.111	56.778	114.11	183.89	215.67	203.67	198.89	205.44	187.89
184.78	127.11	57.111	79.222	72.556	53.556	53.667	95.778	99.444	53.444	131.33	187.89	220.22	200.78	195.56	202	184.78
186.67	128.89	56.333	75.111	74.667	50.778	68	105.33	89.444	58.222	156.78	207	213.78	188.33	185.11	194.33	186.67
181.22	118	57.333	66.889	87	46.222	60.444	125	71.333	66	162.33	209	214.44	190.44	187.33	195.67	181.22
174.33	98.222	61.444	59.222	93.111	46.778	56.556	138.33	62.778	75.444	167.44	213.11	215.11	198.56	195.89	197	174.33
161	82.222	63.667	58.444	78.444	47.333	52.556	135.33	58.778	78.333	153.44	205.33	220.67	209.56	206.22	195.67	161
147.11	62.111	68.444	56.889	64.778	48.111	53.889	128	53.889	106	164.44	213.56	217.33	212	213.56	188.89	147.11
137.44	58.556	66.222	56.778	53	43.556	55.444	119.56	51.889	106.22	150.22	205.22	219.89	221	218	179.78	137.44
139.11	61.556	66	60.333	51.444	41.889	56.889	123.22	54	96.111	139.56	204	220.44	220.33	220.78	179.56	139.11
163	77.667	65.556	61.222	50.111	42.444	64.333	132.78	53.333	77.222	121.22	204.44	225.44	215.33	212.67	181.11	163
153.11	71.778	63.444	65.444	49.111	43.111	73.667	103.89	51	75.444	111.44	191.78	229.33	226.89	208.89	179.11	153.11
155.22	75.222	63.444	65.222	48.333	44.889	78.667	91.444	51.444	72.222	110	188.67	229.22	225.67	202.78	181.89	155.22
125.67	57.667	54.222	65.222	45.778	44.222	89.556	70.222	53	102.11	141.56	203.89	231	231	203.22	173.33	125.67
88.556	57.111	53	62.667	48.333	47.889	90.667	60	74	131.56	165.11	210.78	234.56	236.56	195.44	156.44	88.556
80.111	61.667	57.444	58.889	48	49	93.333	59.667	75.889	133	169.44	213.22	237.56	237	185.44	147.33	80.111
68.667	65.667	61.111	55.556	46.222	46.778	103.67	58.778	90.889	148.22	190.11	217.78	236.11	234.89	184.11	143.89	68.667
53.333	67.667	70.556	53	43.222	49.222	97.778	57	119.89	161.33	198.33	217	238.22	237.22	168.33	117.89	53.333
57.333	56.333	76.444	50.667	45.444	55	91.889	56.222	99.556	149.78	195.89	220.67	239.33	232.22	170.67	125.56	57.333
58.667	52.444	66.889	48.667	48.556	59.556	81.333	56.667	82.333	132.78	176.22	223.22	246	227.56	161.44	115.78	58.667
65.556	53	61.889	48.444	44.333	78.222	63.111	56.333	79.333	137.89	191	233.67	243.67	216.56	180	133.11	65.556
58.778	54.778	52.778	46.111	59.556	74.667	58.778	56.222	84.111	124.22	168.56	226.44	248.22	193.89	145.11	98.667	58.778
66.222	57.444	54.556	47	59.333	75.667	58.333	58.222	75.556	118.11	160.44	227	245.89	186.56	143.33	99.556	66.222
61.556	59.333	59.444	57.556	60.889	74.222	63.556	57	88.222	120.33	149.56	213	227.33	151.56	107.33	72.222	61.556
65.444	57.222	58.444	72.667	62.111	68.444	64.667	59.444	78.667	117.56	141.56	213.89	200.22	143.11	96.111	66.444	65.444
62.222	54.889	46.667	71.556	57.111	67.556	59.889	57.444	87.667	151.78	182.56	241.89	224.44	183.22	123.22	78	62.222
70.333	52.444	49.556	79.222	57.556	65.778	60	56.778	74.778	130.78	166.11	236.89	197.22	171.11	111.78	80.889	70.333
108.67	60.778	46.111	93.556	58	62.444	59.222	57.667	58.889	95	139.22	212.11	163	167.33	119.56	114.22	108.67
140.78	67.778	48.444	93.556	58.889	62.889	60.667	57.444	60.889	75.556	125.56	189.33	149.56	163.89	122.89	131.89	140.78
131.11	59.556	46.778	79.556	65.667	59.889	66.333	61.444	58.111	92.667	163.33	204.89	185.22	183.33	133.33	129.44	131.11
116.11	57.444	51.556	72.778	65.778	60.667	61.444	68.778	57.222	97.111	169.67	191.78	185.67	173.11	124.89	132.11	116.11
115.67	57.222	55.444	68.111	65.889	61.111	63.556	73.778	55.556	89.667	164.67	167.67	187.44	170.56	135.78	136.89	115.67
99	47.444	66.667	56.778	70.222	58.222	54.889	75.111	55.111	119.33	188.44	178.11	214.22	183.22	158	160.11	99
78.444	43.222	73.667	58	67	62.889	51.333	65.333	64.444	133.11	187	171	196.67	167.22	144.11	155.33	78.444
72.444	46.444	75.111	59.667	67.556	65.222	51.889	63.111	62.222	120.44	155.22	136.22	155.78	136.56	133.67	150.22	72.444
87.778	59.778	70.222	60.556	71	63.778	57.111	63.889	54.667	95.111	103.89	112.56	128.78	130.11	137.11	151.11	87.778
75.667	51.556	67.667	64.556	78.889	63.222	66.889	58.333	56.667	114.22	105.11	125.44	129.67	132.22	131.33	121.78	75.667
82.222	54.778	58.889	71.333	80.667	64.333	81.222	57.556	58.444	107.67	82.889	113.11	116.33	139.78	144.33	111.11	82.222
80.222	53.333	57.667	70	77.111	61.444	84.556	55.778	63.667	113.44	86	120.44	119.89	141.44	152.56	105.33	80.222
80.778	59.333	61.444	70	81.222	68.889	79.778	56.667	63.111	94.778	66	84.778	80.667	120.78	124.67	91.667	80.778
92.556	61.667	61.333	71.778	75.778	65.667	81.222	57.778	59.222	81.889	64.444	90.333	89.333	123.33	135.56	104.78	92.556
81.889	65	64.444	79.778	76.111	75.667	69.111	59.111	59.333	66.444	57.667	73.778	80.333	113.78	94.222	96.667	81.889
65.111	60.889	62.889	85.111	72.667	83	65.444	61.778	68.778	70.111	62.333	76.444	78.889	121.89	77.444	84.778	65.111
75.333	69.889	73.333	90.444	77.667	87.444	64.556	58.444	59.222	59.444	58.556	63.889	75.111	136.78	77.667	97.667	75.333
71.222	81	86.556	90.889	85.778	87.889	66	59	54.111	57.222	58	59.778	64.889	121.11	70.222	94.222	71.222
62.667	95.444	97	107.22	110.89	89	88.111	65.889	60.667	60.222	66.778	60.667	50.556	58.667	56.333	64.444	62.667
76.444	115.89	102.11	124.22	110.67	101	92.667	70.556	52.333	65.333	67.667	65.333	65.222	57.333	50.889	59.444	76.444
84.222	111.56	101.67	127.22	103	127.56	93.444	84	56.889	67.556	60.778	58.333	62.889	58.889	45.889	54.667	84.222
136.89	159	146.22	158.11	114.89	132.67	85.222	65.444	64.778	86.889	84.556	47	54.889	48.667	51.222	77.333	136.89
156.11	168	173.44	171.89	132.11	151.89	95.333	65.778	68.222	91.444	101	45.889	56.889	42.444	47.667	77.556	156.11
167.89	171.78	212.78	189.89	180.22	178.33	128.89	79.444	73	97.444	116.67	69.333	57.333	46.667	47.111	85.222	167.89
190.56	188.89	225.44	186.56	182.89	169.11	110	61.778	87	105	111.56	86.333	59.556	45.778	51.667	119.33	190.56
191	203.44	229	194.11	200.67	169.22	123.11	58	95.667	108	81.333	102.67	46.778	46.889	50.444	134.89	191
201.22	214.44	229.33	196	200.89	152.44	104.56	51.889	110.11	105.33	52.667	73	43.778	50.222	63.667	176.78	201.22
196.56	222.11	218.33	213.67	217.11	160.11	113	57.556	110.67	107.89	63.667	50.889	44.778	57.778	73.889	188.89	196.56
199.78	221.67	210.44	224	217.33	155.89	93	74.222	104.44	132.44	128.33	44.444	54	55.667	112.33	205.22	199.78
202.78	217	205.33	229.56	215.33	168.44	87.333	82.778	98.444	136	150.44	50	63.778	52.111	120.67	195.78	202.78
206.89	215.78	210.78	234.56	204.44	164.44	78.333	96	101.78	106.67	130.89	54.778	72.667	52.778	120.22	185	206.89
213.56	204.67	212.44	229.78	184.44	145.89	69.333	102.11	124.44	63.556	70	50.667	77.556	65.556	139.56	182.67	213.56
212.33	189	219.33	225	193.33	153.22	80.111	83.222	123.56	63.556	47.333	51	84.889	59.778	112.22	171	212.33
211.56	186.22	223.33	209.89	177	123.22	80	72.778	120.33	94.444	42.333	47.111	71.667	88.556	135	185.78	211.56
196.89	191.11	225.33	210	190.33	130.56	75.222	66.667	90.222	102.11	45.222	56.444	59.444	73.778	109	186	196.89
189.89	190.89	220.44	198.11	168.56	106	74.667	81.111	68.889	81.222	50.222	65.222	55.333	92.556	123.11	192.78	189.89
177.22	193.56	204.67	186.33	149.44	89.556	70	107.33	67.667	46.333	61.556	77.111	52.667	106.22	133.44	191.44	177.22
163.89	196.44	178.33	182.33	139.67	82.333	64.333	96.111	68.889	50.778	63.556	79.778	56	86.222	126.33	172.89	163.89
175.44	209.22	194.33	194.22	142.78	79.444	65.222	79.556	71	48.889	58.889	74.222	57.444	72.444	130.22	166.44	175.44
193.44	213.56	212.33	192	122.67	78.111	66	72.444	88.444	57.778	57.333	60.778	70.444	109.56	172.78	178	193.44
197.22	207.67	219	179.33	96.222	73.778	82.556	63.889	53.444	69.778	81.111	53.333	69.889	128.44	167.78	171	197.22
202.22	209	222.33	166.67	84.111	72.889	94.778	78.889	48.111	70.444	90.778	52	71.667	161.78	174.67	174.78	202.22
201.22	202.78	208.78	137.11	77.222	70.333	74.222	70	52.111	68	74.889	53.667	72.556	164.78	157.56	174.89	201.22
199.78	205.44	203.89	121.67	80.111	70.333	62.778	58.111	54.889	70.333	59	54.333	66.444	157.67	148.78	178	199.78
199	216.22	203.44	111	82	72.222	56.667	51.222	68.778	70.667	52.667	53.444	75.111	152.67	147.44	186.33	199
201	222.22	194.22	96.333	75.556	79	55.111	47.444	83.222	67	58.778	59.111	114.11	170.33	166.67	189.78	201
204	223.89	174.78	95.889	75.111	79.778	59.889	46.333	77.556	71.889	65.889	56.778	121.44	152	162.56	190.67	204
207.33	219.89	147.33	88	69.889	75.222	68	50.667	65.556	77.778	67.889	61.667	163.44	164.78	178.67	191.89	207.33
209.67	221.89	131.22	87.556	72.111	69.222	60.778	56.111	64.667	72	72.667	62.111	153.89	165	182.78	191	209.67
211.56	210.33	113.89	87.333	72.111	72.222	51.667	61.889	65.111	69.222	66.222	62.111	134.11	153.22	179.56	188.78	211.56
214.56	212.11	121.33	84.556	73.444	63.333	49.889	74.889	66.333	69.889	57.333	72.667	139.22	176.33	190.22	193.89	214.56
215	186.67	97.778	79.778	79.222	69.222	48.111	73.667	68.111	69.333	53	87.333	130.67	176.22	188.78	192.33	215
211.33	161.56	80.889	74.778	76.889	67.111	52.667	72.333	63.222	61	54.333	103.11	133.67	174.56	185	191.33	211.33
203.67	161.33	72.222	77.667	75.667	70.222	51.889	72.111	65.778	53	59.556	107.67	158.89	171.33	182.22	181.89	203.67
195.67	169.56	79.222	78	72.556	73.111	55.556	60.111	63.778	55.778	63.444	73.111	138	139.22	157.89	172.67	195.67
199.44	197.89	105.33	83.222	71.222	79.111	57.111	52.111	56.333	62.444	66.111	62.111	129.33	133.56	156.67	179.33	199.44
187.44	197.78	114.67	84.333	75.111	82.667	65.222	51.778	57.222	71	63.111	57.778	110.22	124.67	135.67	173.89	187.44
177.67	192.44	129.78	85.556	75.667	78.333	65.333	52.333	60.111	72	55.778	59.333	95.889	135	132.56	172.22	177.67
191.89	211.67	176.89	97.333	79	72.667	60.889	47	60.889	73.556	56.889	57.333	81.778	143.33	141.78	181.89	191.89
196.56	195	184	95	74	68.667	60.556	58.889	55.778	71.222	48.889	68.667	96.222	185.44	163.56	181.44	196.56
195.78	211.33	225.22	128.56	74.556	68.778	66	114.78	83.667	66.444	53.889	61.889	119.22	207.89	185.44	187.78	195.78
187.11	209.11	227.78	135.11	74.889	68.333	71.333	140.78	102.11	65	53.667	67.444	149.33	217.56	185.22	182.11	187.11
197.78	209.78	208.56	103.33	75.111	72	67.222	101.44	83.333	72.667	49	82.222	154.44	218.11	187.11	187.22	197.78
201.56	197.89	171	87	74.111	80	63	60.778	68	76.333	46.222	90.889	144.89	217	180.44	185.56	201.56
199.56	178	127.33	78.889	72.778	90.333	69.556	47.111	63	70.889	53.333	139	176.89	222.33	182.33	183.89	199.56
190.78	162.67	105.11	81.111	75.333	89.889	67.556	44.333	59.778	66.444	55.333	141.89	168.33	219.78	173.11	179.56	190.78
182.78	167.67	117.22	81.111	71.889	86.889	56.444	43.778	56.889	67.222	49	104.33	128.89	198.33	155.22	172.56	182.78
177.56	182.78	136.89	83.444	75.111	83.333	52.222	49.222	55.667	69.222	46.111	68.444	91	153	127.56	168.44	177.56
162	170.56	121.22	83	75.889	83.333	57.444	53.556	54.889	66.778	47.778	69.333	83.556	132.11	109.44	154.56	162
179.33	192.67	138.56	87.444	77.667	82.556	54.667	51.889	58.333	71.333	47.556	60	86.889	132.67	122.33	170.11	179.33
161.44	175.67	116.67	85.444	79.444	85.444	60.556	62.556	54.556	66.778	47.778	61	79.556	109.89	100.33	151.56	161.44
178	191.22	128.67	91.889	79.556	84.444	61.333	57.222	58.556	71.222	52.556	56.111	87.222	111.67	115.22	165.89	178
163	160.89	89.889	78.889	70.222	80	57.889	59.111	54.222	61.444	55	78.333	128.22	137.11	125.44	157.44	163
162.44	155	84.222	79.889	68.333	74.333	55.778	59.667	54.778	57.778	60.111	90.444	137.78	153	132.56	157.22	162.44
166.78	166.33	95	78.556	71.778	84	60	64.444	54.111	56.889	53	73	112.22	123.11	118.56	152.22	166.78
171.78	167.67	91.778	77.333	72.111	80.556	58.667	61.778	56.111	57.222	55.444	76.556	125.67	133.56	128.11	157.44	171.78
181.67	178.33	96.333	79.667	73.444	89.667	61.667	57.778	55	55.667	65.667	61.556	116.78	118.89	126.78	158.56	181.67
170.67	164	85.556	77	69.889	84.556	59.778	56.667	53.556	53.778	66.889	75	137.56	135.44	130.78	156.33	170.67
172.33	159	76.889	75.889	71.778	80.222	60.444	57.667	51.444	52.333	75	84.111	157.56	148	140.78	157.44	172.33
172.89	160.11	81.778	77.111	70.667	86.111	62.111	55.778	50.889	50.222	72.222	72.333	137.11	129.67	132.44	152.56	172.89
168.44	163.67	84.778	77.667	75.556	96.444	64.556	56	52	48.667	69.111	64	117.89	114.67	116.44	144.89	168.44
167.67	161.11	85.111	76.778	75	96.444	65.444	56.889	52.444	48.889	70	66.111	118.44	118.11	118.44	144.89	167.67
166.22	158.33	81.444	76.778	74.444	98.889	68.667	54.667	50.667	47.889	71.889	63.778	120.44	115.22	115	142.22	166.22
160	136.67	72.667	77.222	72.778	86.556	64.111	57.444	52.778	48.444	74.889	74.111	139.44	126.22	121.78	139.89	160
183	158.11	79.778	77.111	73.444	85.222	65.889	62.111	56.667	53.222	70.111	70.889	134	130.67	130.67	154.56	183
180	151	83.222	79.444	78.444	89.889	72.889	59.444	57.222	51.889	69.778	65.778	115.44	114.11	118.22	147.67	180
161.44	127	78.111	79.333	81.333	96.667	80	57.667	56.111	49.667	70.111	64.111	102	98.111	98.778	129.56	161.44
177.22	144.56	91.667	85.222	86.778	102.56	80.556	55.778	58.444	52.778	71.222	58.333	86	91.889	100.67	138.78	177.22
192.22	154.44	110.56	91.111	97.333	105	83.556	55.667	60.333	62.778	71.667	57	73.889	89.111	104.22	149.67	192.22
192.89	155.78	98.556	83.667	87.556	95.667	77	61.333	59.778	59	70.111	59.222	89.889	101.44	113.89	154.56	192.89
188	148.56	85.667	80	81.778	87.778	75.778	58.333	59.778	56.333	68.111	65.222	106.11	113.11	120.78	153.89	188
214.56	179.11	130.44	94	93.889	91.667	73.333	64.556	61.556	81.556	68.778	57.444	83.556	115.22	136.56	177.67	214.56
205.56	155.11	84.667	77.889	77.444	73.778	64.333	66.111	61.333	60	61.222	90.111	141.44	159.11	152.67	175.44	205.56
205.67	142.11	83.556	77.333	91	81.556	63.556	62.111	57.333	69.333	56.778	93.111	116.67	155.89	153.44	180.11	205.67
210.89	145	81.222	74.778	90.222	76.444	59.444	59.556	67	90.556	54.333	112.33	130.44	175.56	177.11	196.44	210.89
207.22	135.56	72.333	70.667	71	72	61	55.778	80.444	76.111	67.889	147.44	172.22	194.56	191.44	202.22	207.22
204.56	150	68.778	71.889	62.778	71.667	54	59.889	111.78	62	79.111	162.44	202.56	201	197.56	200.11	204.56
193.22	115.78	58.444	75.222	57	58.111	48.556	67.444	92.444	54.111	120.11	189.89	214.56	201.78	198.33	205.22	193.22
192.44	120.89	57.444	77.667	62.556	58.222	63.444	88.889	97	60.556	160.78	208.22	217.67	190.78	185.89	197.22	192.44
182.11	123.89	56.222	72.444	76.111	47.778	58.444	108.11	86.333	58.222	149.56	198.67	217.33	195.67	194.11	197.33	182.11
175.67	117	57	67.333	73.889	45.444	51.667	115.44	74.222	54.889	120.22	178.44	215	209.89	204.11	198.56	175.67
170.67	93.444	62.444	56	89.333	48.444	57.222	139.33	60	79	166.56	215	212.89	196.78	194.33	195	170.67
163.89	82.778	67.444	55.778	78.889	51.667	60.667	141	58.333	87.667	170.89	220.56	211.67	196.67	195	195.56	163.89
160	82.667	67.444	61.111	56.444	49	56.556	137.11	56.778	75.667	136.33	203.78	218.22	213.56	209.11	189	160
132.89	55.556	74.222	73.556	48.778	45.222	64.333	105.22	56.444	126.33	169	220.11	218	211.11	212.78	180.56	132.89
132.33	55.444	69	79.778	47.667	41	73.667	98.556	55.667	125.44	165.44	219.11	220.22	211.44	213.22	180	132.33
92.778	53.444	61.556	84.222	46.111	42.111	75.667	67.222	71.444	156.11	175.89	219.11	223.67	222.33	216.22	157.22	92.778
87.444	56.111	52.556	81.667	44.667	43.111	75.333	62.889	72.222	153.56	175.33	221	225.67	224.67	214.22	154.78	87.444
82.333	58.333	52.333	66.667	47.778	43.667	78.444	61.667	75.667	145.11	168.33	217.89	227.22	228.33	206.22	147.11	82.333
87.444	58.889	55.778	60.333	46.333	48.889	82.778	62.444	69	123.22	155.22	210.22	234	235.11	188.22	146.56	87.444
84.222	62.778	61.444	55.667	47.778	50.333	94.889	61.333	73.222	136	179.67	215.89	237.33	230.11	184	153	84.222
73.222	59.556	65.889	55.556	51.111	51.556	88.444	59.111	75	126.78	170.11	212.44	240.22	234.56	174.78	139.44	73.222
60.778	56.778	70.111	53.444	55.889	51.667	86.778	58.556	89.667	134.44	176.78	215	240.44	232.22	160.78	118.56	60.778
60	52.889	63	50.778	60.222	55.556	82.333	55.667	81.556	127.44	171.67	213.67	241.78	224.44	153.67	111.33	60
55.778	47.333	66.111	50.444	55.333	68.444	65	55.444	99.778	150.78	200	226.56	242	222.22	168.56	116.44	55.778
70.444	53	52.444	49	72.111	67	59.778	55.778	72	108.56	168.56	223.44	246.56	201.78	160.78	117.56	70.444
75.222	61.556	57	49.111	79	67	61.556	59.111	69.667	109.22	156.44	218.67	242.33	187.56	154.78	113.33	75.222
48.111	56.111	58	57	75	59	64.556	61.667	86.889	122.33	145.78	195.56	213.67	136.11	97.111	68.889	48.111
53.778	51.667	46.889	69.111	62.667	51.778	59.111	61.667	78.222	143.89	155.89	220.56	219	169.78	115.78	83.556	53.778
49.222	46.333	45.111	83.889	57.889	55.667	57	70.556	106.89	175.89	181.78	231.78	212.33	172.56	99.333	68.222	49.222
49.333	45.444	47.556	90	62.222	65.222	54.556	73.889	142.56	188.56	206.56	238.67	207.33	185.44	101.78	63.778	49.333
59.333	51	52.889	84.111	56.556	70.667	56.889	66.889	115.67	158.67	190.44	226.11	181.67	158	90.778	73.667	59.333
56	46.667	62.667	70.333	60.889	75.778	58.222	67.667	95.889	124.67	162	175.33	141.67	111.56	77	82.556	56
64.667	45.556	68.889	65.667	58.889	70.556	54.556	64.778	72.889	106.56	145.22	142	145.33	112.67	90	108.22	64.667
92.222	80.333	70.333	78.444	65.889	68.333	56	67	51.222	66.667	99.556	93.333	121.56	113	105.67	157.78	92.222
91.111	83.556	72.778	79.667	74.333	66.889	59.667	62.111	53	66.556	89.889	88.111	109.11	113.22	109.89	154.67	91.111
93.889	96.222	73.444	95.556	90.222	77.778	64.889	58.444	54.889	58.333	64	65.444	71.333	84.667	98.556	118.78	93.889
81.889	75.667	77	101.67	91.889	86.889	74.667	55.333	56.778	60.889	61.667	63.778	59.444	66.111	85.222	82.444	81.889
81.667	64.333	88	97.333	95.222	87.667	75.444	64.333	58.889	64.778	58.222	66.444	58.667	61.889	80.111	73	81.667
58.444	61.778	81.111	89.889	101.78	99	77.778	80.889	73	87.111	61.222	63.222	63.556	59.444	55.222	55.889	58.444
61.222	60.111	81.111	86.556	101.89	96.111	77.444	73.222	74.556	85.222	57.778	62.778	64.111	76.667	55.222	60	61.222
73.333	77.222	101.33	89.444	108.11	94.556	75	62.444	59.111	65.556	61.333	56.444	55.111	90.556	61.333	78.556	73.333
65.333	95.333	125	103.56	138.78	96	90	67.444	60.444	60.556	69.556	58.111	52.556	62.556	56.889	70.444	65.333
